1
0 1
OK
0
5 164 51 8364 0

  60  124  160  128  161   39   14   12   12   12   28   63    7   10   63  115   48  124   28   28   12   12   12   12   12   28   63   46   14   12   62  176  166  150  144  145  159   30   12   60   60   79    3    3   30   20   48   48   52   54   28   30  142  140  140   28   30   30   14  140  140  138  186   62  103  119   22  142  142  156  158  142  197    3    7   30   49   57   24   24   48  112  119   55   35  159   28   31   63   62   63   54   24   26  118  253  188  188  156  188   60  118  120   56  127   97   49  116   45   28   61   49  121  120   95   27   30   12   12   12   14   62  246  151  151   22  142  138   14   47  140  150   53   20   12  109   97  112  124   29   60   53   51   54  118  124   28   28   28   60   54  158  139    7  135  134  134  134    6    2  226  128  128  176 
 150   24  148  144  129  135   31   20   55   15  156  155    2    6   28   56   48  118   62   28   23  135  140  156  146  130  131  146  134  134  132  160  160  144  144  128  128  144  121   28   60  247   99    6    6   28   48   52  182  183    4  134  132  144  188   30   22  132  156  150  134  186  176   62  124  246  154   18  142  128  128  128  128  131    6   30    1   27   24   24   20   28  249   97   65  225  148  159  167  163  135  126  122  158  176  160  161  161  160  160  177  115  127   63   15    3   23   48   63   60   99   65   97  232   99   67   30   28   12   28   31   19   50  182   60    6  174  178   19   30  142    6   55   62   12   14    2   52  112  121  116  113   65   55   55   28   30   28   20   58  184  128  132  134  150  144  133  181   50  130  226  128  128  144 
 142  142  148  144  128  134   22   22  151  130  128  131  151   15   28   28  186  120   62   30  151  151  135  148  142  136  128  128  134    6   20  176  160   20   16  190  176  156  119  115   52  181  150  156   28   28   60   62  158  135  132  128  128   16   28   28  182  134   62   39   54   18  176   50  150  134  186   54  142  132  140  134  160  160  171  249   65  115   62   63   63  191  225   97   65  227  130  128  133   63   58    7  214  158  128  163   35   49   32  160  129  133  159   30   42   98   86   50   51   51   97   64   97   50  182  212  148  148  135   31   30   60    4   54   22   39  163  178   54   52    6   23   47   30   28  127   99  126  184  160  224   65   97  163  179   54   23  227   55  134  128  129  191    2   22  144  133  181  176  128  128   18  146  128 
 182  134  128  132  132  148    2  134  134  210  242  128  131   15  127  135  179   55   14   14  150   22   71  149   28  152  128  128  162  180  180  176  130   54   20   63  146  156   63   50   48  185   16  188   23   31  226  102  162  176  176  128  128  134   14   28   56   43   62   38   22   50  177   16   18  182  162   23    4   14   14    6  164  160  176   32  112  115  178  135  183  176  231   69    1   99  131  130  132  158   27  133  150   24  152  176   59   51  160  144  160  164  157  191   50   96   97   33    7  179   97   64  103   54  178  144  144  176  179   23   30   48  146  146    3   16  150  148  180   52  132  148  133  213   53  116  112  196  128  128  161   65  115  182  146  134  135  134   30  148  128  130   63   30   54  130  128  128  140  140  128  178  178  128 
 150  132  132  134  149  150  134  150  166   38  226  128  150   30  117  131   54    3    2   23  134  134  196  145  144  144  144  148  166   50   54  176  130  179   49   55   22  188   24   22   54  176  150   22   23    3   71  118   50  180  183  135  128  150   63  189  168  162   52   22   19  176  176  160  146  181   55   55   60   30    7  134  134  130  113   96   56   49   17  145  146  129  166  117    1   67  135   62  128   28   30  146  150   16   31   22   18  166  160  147   39   38    6  117   48   56  241   35  103  119   99   65  103   39  177  147  199  183   48  148   20   28  156  132  128  128  158  156  184   58  134  134  128  129   97  112  114  195  128  130    6   65  115  115   19  102  101  135   28  188  128  130  182   20   71  146  144  128  140  140  128   48  178  130 
 146  144  149   35  151  150  131  145  167   39  162  152  158   26  151  135  174   15   31  147  145  144  128  128  164    6   22   55  148  150   22  180  160    4  244  176   21   85   29   21   37   32   15   30   21   21  117   52  179  132  135  135  150  246   16   55  167   18   53   52  180  176  128  128  128  142  150   54   54   54  134  132  130  131   97   65  115   60  145  113   51  153  140   95    3    1   23  156  128   54  150  146  144  146  151   22   20   54  132  134  182  182   55  103   97   97  165  151   54  182   65    1   99  165   55   39   37  135  128  182   36  172  140  132  128  130  142   36   60   55   23  135  128  183  103   65  115  163  130  130  230   65   67   50   30  103  123  179  140  140  180  148  183  134  207   16  150  128  128  128  128  176  178  178 
 146  144  144  240  150  182  145    5  135  131  130  156   22   22    7    7   15   12   14   34   48  150  130  128  176   22   38   23  149  190   30   38  160  132  133  181   55  133   55  181  177  172  142   62   52   22  115   50  144  128  128  158   22  114   18   55   55   50  176  181  181  128  160  160   32  149   20   22   14   62  185  156  181  129  131    1   33   55   35   98  117   48   62    7    3    1   87  178  160  177  161  128  128  128  128  144   16   54  131    6   52  180   35    3    1   49   38  150  128  160   97   65  115   55    7   38  166  128  164   52   54   20  212  128  131    7  134   36   60   31    7  167  150  135   71   65   67   35   19  150  224   65   99  253  132  135  187  176  132   36   54    4  119  150  144  144  138  128  162  176  176  145  167   54 
 158  166  164  115   58   16  182  164  132  132  148  180  156   50  163  183  179   35   35  166  188   31    7  144  144  144  134  179  176  148   31   59  184  148  135  183   50  150   28   60  144  142   15  159  134  134  183  134  140  176  160   60    6   39   18  182  176   50  160  177  179   54  242  112  224  149   22   30   54  118  175   47   55    2  199    3    1    3   35   18   38  115   51   51   99    1   99  178  160   32  176  132  135  163   35  183   54   19    3   54   52   54   63  115   65  115   55  183  128  176  125   65  121   59   31   30   62  188   60   54   63   62   48  128  131  129  128  132  156   63   99   35   30   23   85   65   67  183   54   54  240   65   99  125  132  156  142  150  144  158   38   99   31  148  128  132  134  128  162  113  115    3  131  150 
  46    6  184   31   60  225  178   37  135  142  156   62   30   60  167  150   23   35   51   28   52   50   18  144  188  190  150  180   48  182  151    3   58  150  135  167  119   55   52   54   54   22   23   55   35   19  146  132  142   62  182  119    6  182   55  183  178   54  176  152   23   38  246  230  208  135    6   30   62  113  150  167  167  134  135   99    1   35   35   86   15   15   30   48  113   97  119   52   39  226  224  132  135   47   26   30   58   53   21   56   63   16   60  121   65   67  243  182   30   60   59   97   83  177   31   28   44  156  156  178   63  190  177  134  134  128  128  128  144  241  119  190  156   28   69   65   67   55   62   52  112  112  114   54  134  156   63   30   28   22   54  167   31  152  152   30    6  132  134  195   71   55  179  128 
 191  190  190  144  144  144  240  119   55   14   28   28   22   28   55   54    6   39   51  188    6  167  191   60   52   54   14   12  243   48  179   50   38   22    6   39  111   30   60   62  175  156  188  180   55   54   22    7    7  191  142    6    6  178  183  127   16   20   52  116  119   38  182  150  154   58   55  127  109  126  150  135    6   22   23   67    3   59   59   60   19   15   28   24   48  112  114   87  119   34  167  150   22   30   14   30   48   52   28  152  152  156  140   15   67   71  255   30   30   62   48  112  254  177   51   63   12   28   24   14  150  144  129  135  135  128  128  130  147  177  148   53  101  118   71   67  127   63   14   28   48   48  240  166  132  188  124   20   50  127   28   12   28  136   31   28   30   28    6   54   54   55  135  134 
 130   62  186  144  176  178  162   35   39   38   28  157   23   22   62   54   62  223  162  190   54   38  110  126   62   60   55  135  142   23   19   38   54   22   23   23   63   62   62   31  124  132   52   54  119  123   62   59   63  151  158    6   62  144  207  124  120  190  188  126  118   98   48  245   23   30   29  127  223   30   30   29   31   30  146  181    7   15   24   24   23   31   24   24   60   52  126   30  127   23   14   30   62   46   63  127   51   50   60   30  121  125   28   29   15   15   28   12   12   24   28   60   46   45   45   28   28   28   28   46   46  158  142  142   30  190  134  134    7  247   49   55  105   79   71   15   15   12   12   28   60   61   47   46   28   63  110   24   46   63   20   14   54  140   15   30   62   28   30   54   54    6   14  135 
 163  188  176  164  180   62  126   79   47   46  156  140  158   14   30   60   60   62   30   62   60   60   28   28   30   30   30   30   30   31   54   54   52   52   22   63   30   14   28   14   60   12   60   60   63   27   60   60   28   12   12   12   12   28   28   12   30   30   12   12   28   60   54   52   44   63  123  124   28   28   28   12   12   12   12   12   12   12   12   12   30   28   28   28   30   14   12   12   12   12   12   12   12   12    7  119    7   22   63   56   28   12   12   12   12   12   12   12   12   28   12   12   12   12   12   12   12   12   12   12   12   12   12   12   12   14    6   38   38   38  115   62   28   28   12   12   12   12   12   12   12   12   12   12   12   12   12   12   12   28   28   28   12   12   12   12   12   12   12    6   54   22  151  129 
 176  160   48   60   28   12   28   12   12   12   12   12   28   28   12   12   12   28   12   12   12   12   12   12   12   12   12   12   12   14   39   55   99  113   56   56   60   12   12   12   12   12   12   12   12   12    8    8    8   12   12   12    8    8   12   12   12   12   12    8   12    6   99  118   38   54  127  112   56   28   12   12   12   12   12   12   12   12    8    8    8   12   12   12   12   12   12   12   12   12   12   12   14    7    7  117    6   35   60   48   56   60   12   12   12    8   12   12   12   12   12   12   12    8   12   12   12   12   12   12   12   12   12   12   12   14    7   39    6   30   94   60   56   60   28   12   12   12   12   12   12   12   12   12   12   12   12   12   12   12   12   12   12   12   12   12   12   12   14    6   55   31  131  130 
 176  176   56   56   60   12   12   12   12   12   12   12   12   12    8    8    8   12   12   12   12   12   12   12   12   12   12   12   14   14   71   99    2   51  112   48   60   12   12   12   12    8   12   12   12   12   12   12    8   12   12   12    8    8   12   12   12   12   12   12   15   71   99  127    7  119   16  112   48   28   12   12   12   12   12   12   12   12   12   12   60   30   14   12   12   12   12   12   12   12   12   12   30    7    3  117   39   99   48   97  112  124   62   14   14   12   12   12   12   12   12   12   60   28   31   12   12   12   12   12   12   12   12   12   14  103   67  103    7   99   48  113  112   48   60   62   14   60   60   30   63   62   30   12   12   12   12   12   12   12   28   28   30   30   14   14   12   14    7    7   99   35    2  131 
 212  112  112  112   56   28   28   12   12   12   12   12   12   12   12   12   12   12   12   12   12   12   12   12   12   12   12   14   79   71   65   99    3  112  112  113   57   60   62   14   14   12   12   12   12   12   76  108   60   15   29   12   12   28   12   12   12   14  142  157   83   65   65  119    3  115  112   97   97   53   30   14   31   79  141   60   14   47   45  109  116   55   75  172  174   60   31  141  157   13   15   14   79   65   65  113   33   97   97   65    1  113   51   35   15  223  188   62   30  157  252   93  113  119   95  207  172  124   62   14   39   14   12   46  127   97   65   97   51   97   97   97   65   97  113   51    3  119   61   19   35   51   83  103   44  142   46    6   47  109   97   60   19   57   15  111   95  119   67   65   97   99    3  131 
  69   97   97   97  113   48   54   11   31   28   30   63   60   30  159  140  140  156  156  220   22   30   46   30  110   60   28   14   71   65   65   67    3   64   96   65   97  118  119   23    3   46   60   58   31  155  204   97  127   99   67  193  177   50   23   30  145  130  130  209   65   65   65   99   99   97   65   65   65   97  115  115   99  113  240   54   31    7   39   99   67  127   97  224  179   48   50  131   19   95  199   38  103   65   65  113  113   65   65   65   65   97   34   99   97  227  228   48   19    7   34  113   71  119  113  253  172   48   50    7    7   51  241  180  117   65   65   65   67   65   65   64   65   97   99   55  115  113  119  103   99  115   65   99  103  167   39   23   51   97   97   53   97   51   83   99   34   71   67   65   97   99  115   99 
  99   65   65   65   97   53   55  119  125  124   63   59   63    7  131  162  224  129  225  113  117   87   99  115   67  112   54    7    3   65   65   67   65   65   97   65   99   99  119  119   99   98   32   52    6  231  225    3   55  112  113  225   49   34   34   35   49  176  128  209   65    1   65   97  113   97   65   65   65   35   55  119   97  113  114   50   50   39  103   45   15  126  112  241   97   32   34   34   55   50  182  160   65   65   65   99  115   65   65   65   65   67   50  114  113  244  113   51   50   51   59   15   15   63  112  255  107   49   51   50   51   35   30   63   55   65   65   65   83   65   65   65   65   65   67   55  118  119   95    2   99   11   93  125   60   28   14   15   39  102  103   63   59    3   93  115   54   15   67   65   65   67   35  225 
  97   65   65   65   99   99   55  117   97  119   35   57   63  103   79   46   60   63  125  111  117   55   33   51   99   99   63  127  113   65   65   65   65   65   65   65   67    3   34  112  112  114   99   55   18   51  191   47   30   60   52  171   35   49   98  115  247  146  128  129   65    1   65   97  115   97   65   65    1   67   54   54  112  127  115  119   52   49   58   31   30   28   22   70  119   35  115  113  113  113   22  132   65   65   65   71   97   97   65   65    1   99   62   60  115   71   53   47   52   56   56   24   28   12   12    6   15    3   51   49  120   55   23  115   99   65   65   65  119   65   65   65   65   97  122   60   54  119  127   54   54   62   28   24   24    8   12   12    4    6    6    6   30   31   28  126  166  111   65   65   65   83    3  147 
  99   65   65   65   71   71   62  112   67   95   61  103   61  121  127   28   28   28   12   79    4   55  123  127  112   39   31   56  113   65   65   97   97   65   65   65   65  103   62   56   50  171   53   54  117   60   26   24   30    6   14   31    7   31  124  117  191  133  129  129   65    1   65  103   99   65   65   65   65   71   30   60  186   46  118  124  124  112   24   24  124   63    7    4    7   15   62  116   99   97  130  135   65   65   65   85  101   97   65   65    1   97  237  156  190    6   95   62   52   48   24   24   56   30    7    4    4   15   30   63  183   55   23   71   69   65   65   65   55   65   65   65   65   97  121   62    7   67   99   32   48   16   16   30   31   15   12   20    4    6    6    6    6   54  180  119  227   67   65   65   65   67   67  115 
 243   65   65   65   65  119   60   62   14   28   60   52   28   28   24   24   28    4    4    4    4   14   30   62   28   30   12   28   81   65   65   65   97   65   65   65   65  117  156  176   54  146  222   60   28   24   89  113   50  103   28    4    6   14   30  251  181  135  131  163   65   65   65   97   97   97   65   65   65   65  161  160  130  178  240   16   16   16   30  126  113  119   71   21    6    6    6   55   35    7  130  163   65   65   65   97   51   65   65   65    1   65  224  166   32   50   49   48   16   16   80  111  115   55  103    7    7    6    2    6  179   51   39  135  225   65   65   65   49   65   65   65   65   65   67   31  121  113  122   48   16   16  113   55    7   15   12   28   28    6    6    2    2    3  151  244  226  227   65   65   65   15   50  120 
 241   65   65   65   65  119  166    6  186  186   56  112   51   27   93   31   30   15    4    4    6    6    6   54   35  135  166  103   65   65   65   67   67   65   65   65   65  229  136  176   54  166  250   48   48  123  101  115  115   97   41    7    6    2    2    6  135   51  178  179   65   65   65   85   99   65   65   65   65   97  129  160  176   48   50   48   48   16  113   97    7  103   97   17    7    6    6    3  175   30  146  166  103   65   65   67  225   65   65   65   65   65  225  166  161   58   56   48   48  112  113   97   67   55  113   99    3    3    2    3    3   55  161  177  113   65   65   65  229   65   65   65   65    1    7   30   56   48  126   48   48   51   19   23    3   95   30   28   28    6    6    2    2    3    7  102  224  225   65    1   33  109  123   99 
 195   65   65   65   65  225   32  166  242  186   48  113   51   51   97    3    3    7   15    6    6    2    2    6  103  135  134  151   65   65   65   83   83   65   65   65   65  193  128  160  180   60   48   48  112   99   67   31   62  113   65   67  102    6    2    2   22   22  182  243   65    1   65  113   97   65   65   65   65   65  144  176   96   48   32   32   48  113   65   67    7   62  121   65   65    7    2    3   23   23   17   23  103   65   65   97  225   65   65   65   65   65  209  128  161   58   32   32   48  115   67    1    7   28   60   89    1    7    7    3    3   23  129  177   87   65   65   65   67   65   65   65   65    1  111  126   62  115   48   32   32   51    3   51   51  121   12   12    4    6    6    2    3    3    3   35  179  231   65   65    1  117   71   49 
 253   65   65   65   65   97   96  225  112   32   48   49   19   51   97   67    3    3    3    7  134    6    2    3   39  134  130  241   65   65   65   83   67   65   65   65   65  193  129  160  176   48   32   48  113   65   91   55   62  123   65   65  199  131    3    3    7    7    7  195   65   65   65  119   99   65   65   65    1   65  144  176  160   32   32   48   97  112   65  115   63   28  123   65   65    3    3    3    3    7   55   19   67   65   65   97  193   65   65   65    1   65  240  131  227   96   32   32   48  163   35   33  127   28   63    7   97   99    7    3    3    3   35  161  213   65    1   65  115   65   65   65   65    1   65   98   35   96   96   32   56   50   50   62   63   27   15    4    6    6    7    3    3    3    3   51   51   55   65   65    1  178    7   49 
 119   65   65   65   65   97   97  167   96   32   33   83   31   26   52   99    3    3    3    3  131  231    7    3   67   67    3  243   65   65   65   67   67   65   65   65    1   65  129  240   96   32   96  176   97    3   23   56   26  115  113   97  193  131    3    3    3   67    2    3   65   65   65   85   99   65   65   65   65   65  128  224   32   96   96  177  241   83    1   39   61   28   91  113   97  243  131    3    1    1  119    3   67   65   65   65  193   65   65   65    1   65  225  227  112   96   96  112  176  224   99    3   15   12   47   87  113  227  131    3    1    1    3    3  103   65    1   65  115   65   65   65    1    1   65  119  103   97   96  112   48   48   48   48  127    3    3   63    6    2    3    3    3    3    1    1   19  123   65    1   65   55  103   97 
 118   65   65   65   65   97  113  103   96   32   33    3   31   60   60   51    3    3    3    3  131  161    3    3    1    3    3   67   65   65   65   67   97   65   65   65   65   97  169  108   96   96   96  225   97    3   23   62   28  119  119  117  193  128  195    3    1   99  139    3   65   65   65   83   99   65   65   65   65    1  135  102   96   96   97  225  128  225   97   23   28   28   79  123  120  240  135    3    1    1  115  131    3   65    1  119   53   65   65   65    1   65  201  217   96   96   96  161  128  224  227   23   62   62    7   23  114  225  128  129    1    1   67    3    3   65   65   65  113   65   65   65    1    1   97   60   18   97   96  113   32   96   96   97   65    3   35   55    6    2    3    3    3   67    1    1   83   91   65   65    1   39   70   96 
 103   65   65   65   65   97  115   96   96   96   97    3   23   56   56   62   23    3    3    3  131  131  163    3   65   99  131   67   65   65   65   99   97   65   65   65   65  193  176  114   96   64   96  160  225  225   99  120   62    6    6  119  193  128  131   65    1   97  195  131   65   65   65   71   67   65   65   65    1   65  229  229   97   65   97  193  128  225   97  113   48   23    7   19  123  161  129  193   65   65  225  208  209   65    1  113   87   65   65   65    1   65   77  124   97   65   65  193  128  128  160   97  112   53   22    3  115  224  128  193   65   65  225  160  195   65   65   65   83   65   65   65   65    1   97   56  123   97   97   99   97   97   97   97    1    3    7   47   15   23    3    1   67   99    1   65   97  225   65   65   65   39  103   97 
  98   64   65   65   65  113  114   96   64   64   97    3    7  124   48  112   87    3    3    3    3    7  227   65   65   65  131    7   65   65   65   65   65   97   97   65   65  193  242   32   97   65  225  128  128  193   65  113   49   99    3  181   65  128  128   65   65   65  225  145   65   65   65  199   99   65   65   65   65   65  193  193   65   65   65  193  128  161   97   97   51    3   34   97   97  161  128  225   65   65  193  178   33   65   65   65   67   65   65   65    1   65  223  253   97   65   65  225  128  128  225   97  103    7   55   99   99  224  131   67   65   65  225  160  197   65   65   97   99   65   65   65   65    1   35   61   65   65   65  163  161   65   65   97   51    3    3   19   23   55   97   65   67   99   65   97  225   97   65   65   65  227  227   97 
  99   65   65   65   65  113  112   97   65   65   65   39  103  103  119   49   51   51    3    3    3   67  227   64   64   97  167   53   65   65   65  113   97   97   97   65   65  195   97   97    1    1   65  129  128  227   97   99  127  113   97   37   67  131  240   96   64   96  161   19   65    1    1   97   99   65   65   65   65   65  193   65   65    1    1  131  128  224   97  123   22   22   60  100   97  224  160   96   96   96  224  178  225   65   65   65  193   65   65   65    1   65   67  193   65    1    1  131  128  128  193   97    7    6   54  122   99  164  166  226   96   96  225  128  197   65   65   97  103   65   65   65   65   65   67  157   65   65    1    3  130   65    1   39   60  123  123    3    2  119   96   96   65   97   96   96  234   71   65   65   65  227  227   65 
  19   65   65   65   65   97   96   97   81    1   33  163   35    7   39   87  115   48   51    3    3    3  119   96   96  103  167  103   65   65   65   97   97   65   65   65   65   65   97    1   65    1    1  129  128  131   35   30   30   57  113   33   67  177  112   96   96   96  129  131   65   65   65  113  113   65   65   65    1   65  179   97   65    1    1  131  129  160   97  123   22   28   20  191  224  224  224   32   96   96  224  208   81   65    1   65   97   65   65   65   65   65  241  193   65   97    1    3  131  128  193   97  119   63   60   52   35  164   52   97   96   96  224  128  227   65   65   65  103   65   65   65   65   64   65  131   75   77    1    3  131    3    3    7   30   27   59    3    3  115   48   96  113   96   96   96  234  199   65   65   65  225  163    3 
 115   65   65   65   65   65   67   55   49    1    3  227  161  135    6    6   30  221  175    3    3    3  115   32   32  167  131   87   65   65   65   97   65   65   65   65   65   65  225   65   67    3    3  131  162  161   35   39   30  184   65    1   97  113   32   32   96  243  134  135   65   65   65  209  209   65   65   65   65   65  241   97   64   65    3    3  131  226   97   85   22  190  176  128   33  177  160   32   32  224  160  225   97   65   65   65  115   65   65   65   65   65  193  193   65   99    3    3  135  135  135   65  211  158  156  186  226  248  160   32   32  224  224  132  247   65   65   65   99   65   65   65   65   65   65  163  123    7    3    3    3  131    3    2    6    6    7   31   35   63   48   32   48   32   32   97  194  193   65   65   65  113  241   67 
  99   65   65   65   65   67    3   99   67    3    3  131  134  134    3    7  158  144  161   35    3    7   34   32   32   51  132   87   65   65   65  113  113   65   65   65    1  195  131    1  103    3    3    3   30  211   97  231  142  136  193   65   81  112   32   32   32   62   38  134   65   65   65   77  108   65   65   65   65   65  225   97   65   67    3    2    2  102  100   97  133  132  128  128   99   49   32   32   48  161  128  147   99   65   65   65   99   65   65   65   65   65  192  193   65  103    6    2    2    6  103   97  193  128  128  130  163  176   48   32   48  240  128  132  245   65   65   65  123   97   65   65   65   65    1   19    3    7    3    3    2  131    7    2    6    6    4   12   28   19   49   57   32   32   32   99    6   71   97   65   65   97   99   99 
 227   65   65   65   65  227    3    3    3    3    3    2  134  130  131    3  131  128  129  131  131    3   34   35   35    7    5  135   65   65   65  113  113   97   97   65   65   67  193   65   99   67    3    3    6   71   67  193  128  128  225   97   49   48   48   48   62   54   52  180   65   65   65   69  101   65   65   65    1   65  193   97   65   67    3    2    2    7  103   97  129  128  160  180   50   48   48   48   49  224  128  146  227   65   65   65  117   65   65   65    1   65  241  241   65   99  103    2    2    6   71   99    1  128  128  242   50   48   48   48  180  152  128  128  193   65   65   65  121   97   65   97    1    1    1    3    3    3  119   98    2    2    7    6    6    4   28   28   61   59   19   48   48   48   98  166  166  103   65   65   65   99  243  115 
  99   65   65   65   65   99  131    3    3    7    2    2    6  134  133    7    3  135  131  131  131   66    3    3    3    7   39   97   65   65   65   97   97   65   65   65   65   65  193   65    1    3    2    2    6    6    6  167  161  128  193  127   49   48   48  112   20  162  179  163   65   65   65   85  113   97   65   65    1   65  241  209   65   65    3    7    6    6   47   69  161  128  224   48   48   16   16   48  115  208  208  128  225   65   65   97   87   65   65   65   65   65  243  243   65   67   99    6    6    6    6   55    1  128  144   97  113   48   48   49  135  128  128  128  193   65   65   65   83   97   65   97    1   65   65   67    3   55  190  167    2    6    6    6    6   14   28   28   24   56   16   16   48   48  178    6   39   35   97   65   65  197  129   59 
 193    1   65   65   65  225  129   67    3    3    7    2    6    4    4    4   12   14    7  131  133  135    3    3    3    3    3   67   65   65   65   97   99    1   97   65   65   97  192   65  193  131   67    6    6    6    7   67  161  128  193   89  113  127  124  240  162  134  151   51   65   65   65   81  115   97   65   65   65   65  241   97   65    1   23    3   71    7   71   65  161  128  224  113   48   48   48   48  114   50   32  161   97   65   65   97   83   65   65   65   65   65  225   99   65    3    3    6    6   38   67   67   65  128  144  225  113  113   62   59  179  154  144  128  193   65   65   65   67   97   65   65    1   65   65   67    3   23   49   55    6    6    6    4    4    4   12   12   24   24   16   16   48  176  161  131  134   34   97    1    1   35   51   28 
 193   65   65   65   65  113  177  130  135    3    3    7    6    4    4    4   14    7    3  131  133  133  131    3    3    3    3  195   65   65   65   65   99   65   65   65   65  225  128    1    7  131    2    6   15    7    3    1  129  128  193    1   97  115   48  176    3  134  148  188   97   65   65   81  115   65   65   65   65   65  193   97   65   17  147    3    6   71   65   65  129  128  193   65   97  113   32   51  163  162   36   51   97   65   65   65  195   65   65   65   65   65   97  179    1    3    3    7    7  119   65   65   65  128  128  241   65   67  115   54   39  159  144  128  129   65    1   65  113   97   65   65   65   65   65  231  131    3   39   47   26   22   23    6    4    4   12   12   24   24   16   58  176   48   55  241  176   34   65    1    1   99  112   86 
 195   65   65   65   65  113  176   32   35   67    3   35  151   44  140   12   15    7    3  131  129  128  131    3    3   23   51   51   65   65   65   97   97   65   65   65   65  193  128  225   67  129   67    7   31   81    1    1  193  128   65    1   97   97   96  225   99  211  144  188   97   65   65   81  113   97   65   65   65   65  192   97   67  177  161    7   37  113   65   65  129  128  193   64   65  113   57   80  179  144  179   50   83   65    1   65  103   65   65   65   65   65  113   81   65  195    3    3    3    3   65   65   65  128  128  241   65   67  119  183  147    3  163  128  225   65   65   65  115   97   65   65   65   65   65  209  147    7    6   30   16   16   52   22    6   12   12   12   12   24   56  177  178   32   48   54   62  115   65    1   65   97   99  117 
 199   65   65   65   97  243  177  177  163  163    3   35    7  178  243  127   19    3    3    3  131  128  136  179  103   54   49  113   65   65   65   97   97   65   65   65   65  113  128  129    1  129  135   99   71   67    1    1  129  128  129    1    1   99   99   99   34  178  144  128   65   65   65   81  113   97   65   65   65   65  195   99   99  209  227   39   97   97   65   65  161  128  193   65   97  225  249  176  146   18   22  150  215   65    1   65  105   65   65   65   65   65  113  124   96  251   59   51   99   99   65   65   65  160  128  193    1   97  125   28  150   14  190  156  255   65   65   65   97   97   65   65    1   65   65  121   53   22   30   28   24   48   52   22    6  180   47   77  125   16   52  176   51  103  100  247  156  241   65    1   65   65   97    1 
 229   65    1   65   99   59   53  151  134  135   71    3    7   23   23   51  115   83    3    3    3  147   56   16   48   48  126  124   65    1   65   97   97   97   65   65   65  117  150  211   67  171  142    7    7  127   35    1  129  128  193   65   49  127   11   15   14   30   12   60  121   65   65   85  195   65   65    1   65   69  159   95  111   76  108  172  141  125   65   65  176  128  193   97  103  127   29   12   29   13   28   12   31   49   97   65  113   65   65    1   65  101  125   60   36  124   60   62   62   22   27  113   97  160  128  225   97  101  124   12   12   12   12   12   14  121   97   65  115   97   65   65    1   65  103  127   52   14   14   28   28   60   44   12   12   28   14   79  125   28   28   28   28   28   28   28   28   30   61    1   65   99  115   97 
 245   65   65   65  103   63   60   30  142   14   15   30   30   28   14   30   28   29   31    2   67   49   16   16   28   28   12   28  125  113   97   83  113   97   65   65   71   46   12   12   12   12   12   28   28   60   63  113  203  136  217   83   63   62   12   12   12   12   12   12   60  112   97   85  115   65   65   65   71   15   12   12   12   12   12   12   28   60   49   79  190  148  149  103  111   12   12   12   12   12   12   12   28   56  112   97   97   67   67   65    7   14   12   12   12   12   12   12   24   24   24  123  111  140  140  125   71   14   12   12   12   12    8   12   12   60  112   97  115  113   65   65    1   67   14   12   12   12   12   12   12   28   28   12   12   12   12   14   12   12   12   12   12   12   12   12   12   12   29   57   97   99  115  115 
 245   65   65   67    7   12   12   12   12   12   12   12    8   12   12    8    8   12   12   62  123   63   62   28   28   12   12    8   60  124   97  115  241   99   67   67   15   12   12   12   12    8    8    8   24   12   30  126   30   24   24   25   31   12   12   12   12   12   12    8   28   60   96  112   81   67   67   67    7   14   12   12   12   12   12   12   28   28   50   30   28   12   28   31   30   12   12   12   12   12   12   12   12   56  112  113  113   83    7    3    7   12   12   12   12   12   12   12   24   24   28   14   14   12   12   12   30   30   12   12   12   12   12   12   28   60  120   97  112  113   71   71   67    7   14   12   12   12   12   12   12   12   12   12   12   12   12   12    4   12   12   12   12   12   12   12   12   12   28   60  112  123  124  127 
 131    1   67    7   14   12   12   12   12    8    8   12    8   12   12   12   28   28   28   12   24   12   12   12   12   12   12    8   12  124   99  103  205  103   39   19   28   12   14  127   28   12   24  156  188   12   30   22   24   24    8    8   28   12   12   12   14   12   12   28   56  104   96  121  121   99  127   67  127   15   15   47  141  140  140  156   28   60   26   62   62   12   12   28   28   14   14   12   12   12   12   12   61  109   64  113  112  179   47   67  127  127   77  109  156  140  158  158  187   60   26   30   62   12   12   12   12   12  124   12   12   12   12   12   30  122   96   97  112  241  135   31    3   15   12   12   12   12   12   12   12   12   12   12   12   12   12   12   12   12    8   12   12   12   12   28   28   12   88  121  119   30  124   34 
 211  247   67  127   60   28   12   12   12   12   13   15   15   63   60   24   16   24   28   28   60   28   28   12   12  140  156  158  121   96   99  135   12   44   99   67   23  126   71   99  119  158  156  148  188   28   24   24   48   56   28  142   14   30   28   22   30   28    4   28   63   96   97   83  112   97  229   65   99  119  117  182  148  156  140   59   56   24   16  120  127  156   28  152  158   63   30   12   12   12   12   12   31   97   96   65  224  128  193   65  115  119   65  117   28   12   30   30   24   24   24   52   60   28   28   28   28   28   28   12   12   28   28   28   30   50   96  123  120  244  148   97   65   83  172  168  172  150   58   62  190  140   28   28   22  190  190   28   24   22  146   50   31   28   24   56   52  148  243   97   81   26   55  135 
 146  225   65   67   95   30   28   28  156    5   61  131   15   18   24   24   16  155   59   50   54   17   49   18   30  156  156  188  112   96  113  225  132  181   99   67   79   63  101   79   30   28   28   60   16   16   16  184  176  176  188  158   62   60   12   61   29   28   12   12   62   48   33  223  176  161  145    7   79   95  117   12   12   12   60   56   30   60  180  176  224  241   60   28   12   12   12   12   12   12   12   12   29   48   97  115  240  129  193    7    7   30   14   14   12   12   12   28   31   19   62  176  176  211  244   60   12   12   12   12   28   28   30   28   28   56   48   62  158   60   23   99    3    7   62  158  156  142   63   63   63  187   50   54   54   55   31  253   28   30  156   14   30   30   28   28   28   28  125   96   98  147  134  132 
 144  195   67   71   31   28   12   28   12   12  158  135   14   24   56  180  224  231   54  226  182   49  112  115   62   28   12   12   56  112  225  129  128  161  103    2   14   12   12   12    8    8    8   95  113   52  156  144  128  225  113   28   12    8    8    8   12   12   12    8   56   56   48  178  131  179   19  135   15   12   12   12   12   12   12   78   95   55  166  128  130  225  112   60   12    8   12   12   12   12   12   12   28   60  176  224  160   35   87   87   14   12   12   12   12   12   12   45   79  211  176  176  128  195  113  125   28   12    8    8   28   28   12   28   12   60   60   30   46   31   23   55    7   14   12   12   12   12   12   12    6   23   18   22   54   54   54   57   28   12   12   12   12   12   12   12   12   12   60  112  115  131  130  128 
 146  134   71   15   12    8   12   12   12   14    7  131  150  118  250  144  160   96  224  128  178  179  227   97  113   93   12   28   28   56  179  128  160  160  182   30   12   28   28   28   12   12  111   71   97  144  152  176  144  225  113   17   60   28   28   30   31   29   15   42   60  184  146   50   51   51  163  150   30   46   44   44  159   14   13  119   65  119  150  128  130   97   97  127  142   14  140  156   28  148   14  140  156  156  144  128  176  176  156  140  132   30   30  156  156  140  140  125   65  113  241  144  128  226   65   65  211  140  132  182   22   22  156  156  150   50   62   30    6  142   22  183  183   12   12   28   28   28   30   62  103   67  150  148  156  190   99  121  125   28   28   12   12   12   28   28   12   14   28   30   22  135  130  128 
 130  134  134   13   15   13   28   28   30    7    3    2  134  119  243  128  192  240  176  176  146  130  227   97   65  123   14  182  190   26  130  128  160  160  156  156  156  177   57  156  172  135  115   65   97  135  134  176  144  209   65    1   97   55  178  177   61   15  147  182   51  131  130  178  178  178  177  144  144  178   54   32  147  150   23   65   65  119  182  166  162   65   65   99   18  152  158   28   22  163  129  130  130  156  150  179   51  150  158  142  130  134   30  156  140  136  185  113   65  115  191   60  136  230   67   65  255  158  142  188   62   30  188  184  158  182   38    6  134  128  128  134  150  132  140  156  158  158   56   55   97  115  151  167  180  183  115   65  203  146  151   54   22   30   62   38    7   23  162  182  134  166  128  130 
 128  128  128  180   49  131  144   28   30  130    6    3   39   55  183  158  134  180   52   51  179  128  224   96   97  103    6  182  178   23  141  128  144  144  140  141  141  181   61   45  168  154  127    1   53  190   14  140  152  253   97   65   47   63  158   29   28   28   24  156  159  159  140  128  134  150  176   48   52   60   60   44  140  156   30   93   81   63  188   14   30  107   67  111   30   28   12   12   30   47  157  158   30   12  142  162    6  146  178   60   28   28   12   14   14   12   28   29   25   29   28   28   12   14   95   71   62   28   12   12   12   12   12   28   30    6   39  167  128  132  128  148  182  188  156   28   31   30   28   63   81  121  125  127   63   15   47   67  111  190   30   62   14   30   62   47   15   29  190   54   38  182  148  134 
 128  128  144  176   61   15  142   12   12  140   14   31   27   31   28   28   28   12   60   60  159  140  190   99  127   30   12   12   28   22  135  130  176  177  163  240   60   28   12   12   12    8   60   60   60   12   12   12   12   12   30   26   12   12   12   12   12   12   12   12   14    7  135  148  134  180  182  127  120   56   28   12   12   12   12   28   20   12   12   12   12   30   30   12   12   12   12   12   12   12   12   12   12   14    7  235  162  190   49  113   60   28   12   12   12   12    8   12    4   12   12   12    8   12   28   28   12   12   12   12   12   12   12   12   14    7  115  240  130    6  130  150  115  120   60   28   12   12   12   12   28   28   12   12   12   12   12   12   12   12   12   12   12   12   12   12   12   12   12    6   39   56   60   12 
 134  130  158   59   56   60   12   12   12   12   12   28   28   28   12   12   12   12   12   12   12   12   28   26   30   12   12   12   14    7    7  130  178   39    5   97  112   52   12    8   12   12    8   12    4   12   12   12   12   12   28   28   12   12   12   12   12    8    8   12   14    7   67  183  132  160  160  225   97   32   28    8   12   12   12   12    4   12   12   12   12   28   24   28   12   12   12   12   12   12   12   12   28    3   67   99  162  160   33   97   97   63   12   12   12   12   12   12   60   60   12   12   12   28   95   91   12   12   12   12   12   12   12   14   79   71  119  188   30   22  178   54  113   97   32   60   12   12   12   12   12    4    4   12   12    4   12   24   28   12   12   12   12   12   12   12   12   12   12    6  103   97  113   12 
  39  162   63  115  113   60   12   12   12   12   12   12   12   28   61   61   12   12   12   12   12   12   30   26   28   12   12   12  127   67  115  178  182   54   38   97  113  117   60   12   12   12   12   61   21   30   12   12   12   46   94  122   60   30   30   28   14  140  140  141   99   65   83  195  128  128  160  225   65   65  237  156   12   12   12   63   51   62   12   12   14  123   99   30   28   12  142   28   28   12   12  141  207   65   65   35  166  160  241   65    1   81  188   28   28   28   63   63  103   87   61   30   30  118  118  125   30  166  185   61   62    6  150  147   65   65   71  140  189   55   55   51   83   65   65   61   12   12   12   12   12   60   55   55   14   12   28   50   62   12   12   12   12   12   12   12   12   28  115   67   69   65   97  124 
 163  160   35   65   65   97  252  140  156  174   28   28   12   30   63   39   62   60   14   12   12   60  127   97  123  140  132  203   65   65  115  243  140   38  226   97   65   65  245  180  184   28   28   58   58   30   30   28   14   47   99  103  103  119   56   30    7  135  131  193   65   65   97  224  128  128  131  195   65   65  225  112   56   60   14   62   62   15   31   14   62   54  122   54   62    6   55   63   60   62    6  167  193   65   65   35  164   32  113   65    1   65  241   63   53   19  119   29   20  117   63   46   52   20   23  118   23   55  115   51   54    2   71  195   65   65  115  154  129  148  151   35  115   65    1   25   12   12   14   62   62   30   30   30   28   28   12   14    6   30   30   14   62   38   30   28   12   30  103   65   65   65   65   99 
