1
0 1
OK
0
5 148 60 8880 -2147483648

  54   52  112  113   61   12   52   56   50   19   23  142   54   38   55   63   62  124  101   60   60   30   30  124  124   60   30   62   15    6    6   60   56   19   23   23   60  126   31    6   22   63   63   62  110   44   62  158  156   28   62   63   23   59   61   63    6   63   55   63    6    6   28   28  112   19  190  182  215   95   23   22   18  135   91   56   63   54    6   54   48   26   59   51   55   46   59   54   49  183    7    7    4   28   56  126  159   22    3  103  131  224  103  103  126  166   22   51   23    6   54   22   29   31   62   26   14   22  231   34   35    2    6    4   60   56  105   59   62   30   55   23    3   33   63   46   35   31   62   62    6  126   28  127  127   52   22   23 
  12   28   56   48   58   54   98  226  134  150   23   61   52   52   55    7   26   29   52   50   62    6   22  115  119   55   22   54   53    6    6   28   24   26   22   39   62   86    7   23    7   31   30    7   55   52   60   28  142  156   53   35   38   35   49   23   22   54   55   55   54    6   60   60   63   31   55   63   28   30  177   20   23   23   63   59   55   50   22   28   28   22   19   62   31   38   22   23   63  183  125    6    6   62   14   11    6   30   55   14  142  188   55   31   29   22    6    3    7   14   35   59   62   62   47   11   47   38  166   59  119   23    6    4   28   12  127   23   62   62  116  246   54    6   46   46   99   93  124   31   55   63    6    7   22   53   39    6 
  14   30   27   59   24   62  118   98  150  132  150   48   28   22   53   39   31   30   60   18   54    6   30   50   55   55   62   62   62   14   30  156   28   63   55   55  191   84  150  150    7   31  158  182   62   54   56  182   39   36   37   51  119  103  115   52   53   49   51   55   22   30   54  112  122   30   63   61   12  126  235   22   23   23   31   23   23    7  188   52   16   31   35   46    7   38   30   31   14   62   55    6   63  119  119    6    6   63    6    6  126   55   31   22    7   39   39   51   55   59   55   26   54   52   63   31    3   39   54   23  191   55   54   62  183  126  102   62   54   22   34  119   54   22   46   47   35    3  127    3    7   71   38   38   53   52   54    7 
  22    6    7   59   59   56   54   22  148  144  151   50   58   30   63   62  151  157   62   54   52   14   14   63   60   36   51   31   55   18   54   30  190   29   39   55  127   28   39    6    6   30  154  166   47  189   28  178   50   39   62   52  117  101   48   51   27   38  119   87    7   29  183  116  118   30   63   49   62   54   38    2    6   51    3    2   30    6  186   50   62   39    3    2  102    6   30   63   31   60   54  134   19  246  119    7   59   63    2   22  119   22    2    2    3   51   39   63   62   34   12    4  151   55   63   30   55   51   62   22   63   55   50  151  131  130  174  142    7  247   46   62  178   18   54    7    3  110  127   39   39   99   23   50    2   58   30    6 
  50   54   22   54   63   56   58   62   20  181   39  162   30   62   59   62  178  151   21   22  158    6   28   28  116   60  148  178  115  127   53   60   30   50   35   63   63   22    6    6   18   23  135  138  166  158   22  144  151    7   31   57   57  181   36  187   62   94   71    6   23   19   51  189   30   54   55   63   56   54   38  102   32   54   59   63   30   15   43   50   30   45   35   51   50   54  111  127  177  190   54  118   31  188   52   31   71   35   51   51  119   22   23   23  178  243  161  175   14   62   22   54   38   61   61   19  119   32  126   23   59   26    6  150  152  140  142   31   19   30   30   62   50   39   23   26   23  151  164   52  127   63  179   49   62  175   14   52 
 134  156   48   62   22   58  154  114   20   55   39  191   28  111   62   50   35    3    3    7   30    7   28  252  244   55  179  182    7    6   62   54   22   50   34   63   61   30   22  142  146  114  118    7   50   62  150   19   23   31   31  159   14   46   36   31   28   63   23   23   22   39   63   28   14    7   79   26   56   56   62   62  102  111   30   58   55    7   43   19   31   28   23   63   52   52   87  119  102   46   22   22   14    6   30   60  126   55   30   30   99   22   62   39  200  131   55   34   30   23    6    3   23   55   49   38  118  103  103    2   30   63  111   23   24  151  254    7   55   30   27  189   52   52   23   31   35   35   55   56   20   30    7  183  183   15   12   30 
 134  136  176   54  134  195  226  230   60   62   39   31   20  207   30   18   51   39  118    7   23  118    6  135   49  177   60   62   54   23   58   51   23   22   14   46   60   31   15  182  134  119  119   71  146  182  163  163   51   55  103   71    7   38   60   45   28   21    3    3   30   46   63   14   39   39    3   51   54   62   50   54    6   63   15   63   55   17  151   23   71  118    7   55   49   55   39   99  227  159  158   30   62   38   30   31   58   38   14   29   53   48   52   37  211  151    7    7   50  167   38   39   55   55   51   55   54    3   69  119   38   54   52   54   22   55   63   28   31    3   39  160  182  119   47    7   39   63  179   56   60   30    6    7  135  143   14    2 
   6  129   51   55   52  130   66   97  255  124   20  188   63   60   53   23   16   30   26   22   51  102    7  135    3   23   62   62   60   23   52   52   60   12   30   14   50   62    7   22   28   47   39  103  146  163   51  238   52   54  119  119   35   54  176  154   46   60   30   50   47   95  126   47   39   63  127   55   62   58   50   54   52   54   31    4   54  146  182   54   94  126   30   63  117  117  183    3   39  167   14   30   62   60   62   95   95    2    7   61   61   54   54  101   39   39   39   55   84   86   54   54   55   23  154   30   38   55   55    6   62   54   50   34    6    6   55   31   79   14    6  134  182  103    2    3    7    7  209  112   51    3    3   43  143  142    7   50 
 150  155   19   39  183  183   95   63  103  101   52   63   59   63   55   31  151  150   28    4   63   60    7   63   31   31   22   39   62   55   53   60   60   54  150   23   14   31   23  178   62   30   52  178   22   31   62   34   39   54   38   31   16   23   55   28   46   63   59   32   30   95  127   15    6   50  121  119   30   62    7   15   54  118    7   47   62  156  166   54   16   20   61   12   92  124  183  115   54   54   38   54    5  183   54   38   66   35    2   30  185   54    6   95   20   30   16   63  115   23   26   24   31   87   20   30   38   54  243   95   62  166   54   52   52  142   39    6   71    6    6   39   55    7  135  179    2   67   83   48  150    6   39   38   31   15   23   87 
   7  102  243   39   63   60   31   14   23   39   44   63   58   54   22   31   31   20   22   31   31   63    7   63   62   60   22   54   62   54   22   23   53   23    6    6    6   28   22  150   56   30   62   54   22    6    6    3  103    2   30   23   51   22   22   94   14   62   35   51   24   18   22   18   54  103  119  127   28   31   15   39   71    6    6  118   94   30   14   22   31   58   46   14   15   14   22  115   70   23   55   51   55   54   38   55  231   71    7   23  247   38   38  182   54   63   39   62   61   30   30   28   95  109   60   14   22   30   27   31   30  158  157   61   62   62   30   30   14   14   12   63   47    6   35   35   34   39   23  167    6    7   62   54   23   22   29   25 
   3   38  167  150   29   31   30    7   55   55   46   62   59   51    3   11   59   52   23    7   19   47   19   30   62   62   62   62   62   62   31   31   15   15    6   14   54   22   22  182   48   61   60   62   62   26   45   63   61   46   30   15  171   62   30   30   12   30   31   29   28   30   30   14   46   12    6   14   14   63   60   53   54   63   30  125   95   14   14  134   15   45   14   14   14   14   14   28   12   28   28   30   62   62   30   29   13   14   30   28   22   30  180  176   51   63   28   12   12   12   12   12   12   12   12   12   28   12   12   12   12   12   12   12   12   28   28   12   12   12   12   12   38   38   63  178  183   22   23  166  150  150   22   16   49   55   31   35 
 166   18   55   22  183   55    6   54   49   59   14   28   12   28   28   12   12   28   28   28   28   12   12   12   12   12   12   12   12   12   12   28   28   12   12   12   14   47   30   60   56   56   28   28   12   12   12   12   12   12   12   12   12   12   30   12   12   12   12   12   12   12   12   12   12   12   12   14   71  117   54   54   50   48   60   12   12   12   12   12   12   12   12   12   12   12   12   12   12   12   12   12   12   12    8   12   12   12   12   14    7  126  190  182   56   48   56   60   12   12   12   12   12   12   12   12   12   12   12   12   12   12   12   12   12   12   12   12   12    8   12   15    7   35    6   63   99   23   23    7  182  180   20   20   53   47   11   54 
  52   30  102   63  150  190   54  112   53   48   60   12   12   12    8   12   12   12   12    8   12   12   12   12   12   12   12   12   12   12   12   12   12   12   14   15    7  119    4   31   55   48   56   60   12   12   12   12   12   12   12   12   12   12   12   12   12   12   12   12   12   12   12   12   12   12   14    7    3  127   30    6  126   48  120   60   12   12   12   12   12   12   12   12   12   12   12   12   12   12   12   12   12   12   12   12   12   12   14    7    3   61   62   30   96  113  112   52   62   30   14   12   12   12   12   12   12   12   60   28   14   12   12   12   12   12   12   12   12   12   12   35    3   71   54   39  115   23   23   19   48   22   54   62   20   54   30  182 
  12    6   38   63   19  175   22   21  117   48   48   28   12   12   12   12   12   12   12   12   12   12   12   12   12   12   12   12   12   12   12   12   12   12   15    7    3    1   62   31  113  112   48   56   62   14   12   12   12   12   12   12   12  108   60   31   31   12   12   12   12   12   12   12   28   28   79   67    1   39   31   27  113   97  113  125   54   62   14   28   28   12   12   12   12   14  126   62   95   28   12   12   12   12   12   12   12   12   47   67   65   15   15   47   97   97   65  113   50   51   15  127  124   60   62   31   30   79  117  127   71   94   28  126   60   63   61   13   79   21  125   97   65   67    6    3    7    6  158  115  119    6   46   46   28   55   19    2 
  55   55  118   87   56   60   56   27  113   97  113   61   60   30   30   28   28   46   60   30   14   28   14   14   44   44   28   13   13   20   23   30   28   30   39   65   65   35   59   19   97   97   65  113   50   43   11   31   28   29   31   47   36  109  117   31   51   14   62  116   55   23   21   52   37   39   99   65   67   35  105   27   65   65   65  113   98   35    3   99  112  116   47   99  103  101   97  127   99    7    7   63   63   39   51   51  114  242   83   65   65    3  111   39   65   65   65   97   35   99   99  113   48   48   54   34   38   99   67  127  113  111    6  112   34    3    3   79   67   19  115   65   65   65   15  115  103   54   22  115   99   22   62  123  127   54   51   51 
 177   55  119  119   62   16   48  179   65   65   65  113  117  119  115   60   62  127  127   22    3  119   23  118   99   99  118   55  113   39  102  119   48   22    7   65   65   35   47   67   65   65    1   97  115  115   97  113   49   48   62    7   50  115   23   55   33    2  118   32   35    3   87  115   97   97   65    1   67    3   97   99   65   65   65   99   51   51   97   97   58   32   38   42  115   99   71  119  126   58   50   50   51   19   63  167   36   34   67   65   65    3   97   35   65   65   65   67   35  114  112  121  113   35   50   18  123  169   47   63  120  127  115   33   35   50   30  103   99   99   67   65   65   65   67  103    7  103  103    3   14   61   63  247    6   38   38    6 
  50   62   31   49   56  148   51  115   65   65   65   67  119   49   97  115   59   35   23    3   99  101  101  118  119   71   68  119   49   35   99  115  115   62   99   97   65    1   67   67   65   65   65   71   51  114  112   99   99   34   62  115  127   59   31   62   63    7  103   33  114   51  103  111  102  103   69    1   65    1   33   97   65   65   65   99   51   50  112  119   46  103   54   50  115   27   31   62   60   28  119   51   51   51   23   51  176  178   65   65   65    1  119   71   65   65   65  103   31   62   58   59  115   39  127  112  120   28   28   12   12   12   15   67  127  121   31   43   32   97   65   65   65   65   97  119  119  103  139  135   14   29    3    7  182   54   35    6 
 134  246   60   63   51  181   54  123   65   65   65   67   63   48  115   86   23  119  101   53  121   93   28   14   54  117   71   28   49  115  118  115    7   54  113   97   65   65   65  113   65   65   65   71   62   62   97  101   35   47  124  120   56   24   28   30   14    4    7   15  126  117   99  119  115  103   71    1   65   65   97   97   97   65   65   97   30   62   54   22   50  110   52  124   24   28   60   62    6    4   12    7   43   31  119   23  150  198   97   65   65   65  113   53   65   65   65   65  119   52  122   98  115  126  124  120   24   24  125   30    7    4    6    7   62   59   27  127   32   33   65   65   65   65  225  163   22  118  116   30   23   39    2   15   14    7   31    7 
 134  230  119   63   83   39   54  114   65   65   65  107   62   56   39   30   28   60   20   28   24    8   12   12    4    4   14   30   26   30   12   30    6   28   49   65   65   65   97  113   97   65   65   71   71   39   97   39   71  124   52   48   16   24  121   55    7    6    6   14   14  118  103    7   99   67   67    1   65    1   97  113   97   65   65   65   53   17   63   54   39   95   60   24   24   89   53   55    7    4    6   14   10   63   35  103  135   39   97   65   65   65  115   51   65   65   65   65  117   48  117   97  115   48   48   16   90   89   51   55  119   87    7    6    2   23    3   39   70    7   67   65   65   65   97  103   95   31   23  127   43    2   39   61   12   54   48   30 
 166  174  117   55    7   62   52  125   65   65   65  121  127   95   91   55  180   60   48   16   24   24   28   28   36   52   55   67    3   51    7   23   54  119   97   65   65   65   97   99   97   65   65   99  229  227   65   34   55   48   16   48  112  108  103   55  115  127   15    6    2   35    3   19   97    1   67   65   65   65   65   67   65   65   65   65   71   53   56  241  119   16   16   48  124   69    7   55   97   21    7    2    2    3   35   55  134  163   67   65   65   65  115   99   65   65   64   65   85   50   85  113   49   48   48   50   81   99    7   55  113   67    3    7    2    2    3   55   53    3   65   65   65   65  103  103  195  247  125  127   39   55   55   63   28  190  184   44 
 243  118   98   35   37   57  179  114   65   65   65   65  113   56   59   51  112   48   48   16   24   56   48   97   99   50   55   34    2    7    3    3   55   39   97   65   65   65   97   99   97   65   65   97   33   99   99   38   48   48   48  119   97   99   71   63  121   97   67   99    2    3    3  119  103   71   71   65   65   65   99   97   65   65   65   65  103   52  116   55   48   48   48  113   65    3    7   63  121    1    3    2    2    2    7    7   30   55   67   65   65   65   81   33   65   65   65   65   95  103   86   96   32   48   48  115   33  115   15   28   24   67    1    7    2    2    7   23   55  115   97   65   65   65   87   87  227    3  113   30    6   63   55    7   22  183  123   54 
   7   82  115  115   16   54   35   97   65   65   65   97  163  161   49  121   32   48   48  176   48  120   32  113   99   54   48   34   35    3    7   31    4   55   67   65   65   65   65   99   99   65   65   65   99  179   50   50   32   32   32   48   65   71   86   60  121   65   65   99    3    3    3  119  102  119   99   65   65   65   99   99   65   65   65   65  113   60   55   51   48   32   48  113    1   19   30   30   23   65   67    3    3    3    3   51  182    7   71   65   65   65   65   97   65   65   65   65   38   35  112   96   32   96  112  224  193    3   55   30   20   87  113   99    7    3    3    7   23   51   99   65   65   65  119   55  119    7   35    7   54   23   22   22   18   62   31   22 
  99   17   55   54   39   63   61   67   65   65   65   67  131  161   97   32   32   48  113  176   51   33   55   31    7   60   60   50   35    3  115   60   55    7   67   65   65   65   65   67   65   65    1   65   99  115  112   32   32   32   33   33   67   71   30   30  125   65   65  195   35    3    3   99   99   51   67   65   65   65   99   99   65   65    1   65   81   24  120  112   48  112   48   97   67   19   28   30   63   83   64   99    3    3    3    3  163  135   71   65   65   65   99   99   65   65   65   65  117  117   96   96   96  113   96  240  131    3    6    4   28   31  113   99   99    1    1    1    3    3    3   65   65   65   67   98  119   31   19   30    6   55   62   22  119   38   30   30 
  35    7    1   21   23   22  254  119   65   65    1   67  227  227  112   96   32   33   33   48   51   35   35    6    6   54   63  114   35    1  115  178  180  131    7   65   65   65   97   97   97   65    1   65   99  113  113   96   96  112   32  225    3    7   60   28  127  117  113  227   39    7    1    3    7  231   65   65   65   65   97   97   97   65   65   65   97   96   96   96   96   96   96   35    3    6   60   60   62  115  113  103   55    3    1    1  225  130   99   64   65   65   99   99   65   65    1   65  113  112   96   96   96   96   96   99  131    3   58   28    6   30   50  103   71    3    1    1   23   27   19   65   65   65   67  118   71  127   55   62   30   30   52   55  166   55   30   62 
  67   55   97  115   19   63  174   79   97   65    1   65  108  235   96   96   96  240   96  112  113   59   30    6    4   55   55   96   54   23    1  195  131  134   95   65   65   65   97   97   65   65   65   65   97  113   96   97   97   96   96  160  227  114   48   30    7   83  113  163  151   71    1   65   97  225   65   65   65   65   97   99   67   65   65   65   97  227   97   64   97   97   96  227   67  117   56   59   15   35  227  131   22   17    1   65  161  129   99   65   65   65   97   35   65   65   65   65    7   99   97   65   97   97   96  163   67   83   49   55   39    3   99  167  134  193   65   65  113   50   17   65   65   65   71   55   38   55   56   52   30   30  148   60  186   62   50   38 
 179   51   33   51   23  125  119   87   97   65    1   65   46  109   97   64   65  227  112   32  113   56   62    7    7  100   96  176  129  195    1    3   50  116   89   65   65   65   65  115   67   65   65   65   97   99   96   65   65   97   96  161   97  113   55   14   67   65   97  131  131  193   65   97  224  161    1   65   65   65   97  115   98   65   65   65   97  103   97   65   65   97  225  225   65   97  115   51  103   97  193  135  183  245   65   65  177  133   39   65   65   65   83   19   65   65   65   65   35  117   97   65   97   97  225  193   65   67    3    3   50  115   97  131  129  193   65   65  225   99    3   65   65   65  103  190   97  113   62   30   62  156   20   30   30   15  131  134 
 161  131   33   51   15   12  118  103   65   65   65   97  175  239   65   65   65  241   96   32  113  115   55   39   97  112   32  176  160  225   65   99   49  240   97   65   65   65   65   83   67   65   65   65  115   99   65   65   65   97   97   33   99   67    6  118  115   97  229  131  131  226   65   97  218  179   97   65   65   65   65  113   65   65   65   65   96  101   33    1    1   65  193  225   65   65   71   63   60  113  193  161  161  224   64   64  115   28   95   65   65    1   67   83   65   65   65   97   99   97   65    1    1   65  193  193   65   67   71   30   62   52  115  195  161  113   96   96  211  233   99   65   65   65  119   23   97   71   14   14  174   55   28    6   58  163  135  132 
 161  163   99   34  143  188   30  127   65   65   65  113  242  243   65    1    1  115   96  224   39    7   54   52   49   32  160  192  247   96   64   99   83  177  225   65   65   65   97  119  113   65   65   65  114   99    1    1   65   67  193  161   99  119    6   62  117  113  197    3   33   96   96   96   59   51   99   65    1   65   65  113    3   65   65   65  112  163   33    1    1   65  193  129    1   67   94   60   60  121  129  132  164   96   96   96  113   54  114   65   65   65   67  115   65   65   65   97   67   83   65    1    1    3    3  129   65   65   93   31   28  184  241   96  224   96   96   97   89  102   97   65   65   65  119  183   33   35    7   55  183   51   30    7  143  156    6    4 
  99   34   97   96  147  163   35  113   65   65   65  115   50  115   65    1    1   51  121  225  166    6   30   54   32   32  176  136  241   96   96  113  113  193  193    1   65   65   97   87   97   65   65   65  119  103   67    1    1  119  245  129   97   99  188  152   95   65  193  160   32   32   32  119   55   35   99   65   65   65   65  115   67   65   65   65   51  167    1    3    3   67  195  129    1   97  103  165  156   99  225  164   54   32   32  113  115  115   97   65   65   65   99   99   97   65   65   65   99  115   65    3    3    3   61  195    1    1   65   21  132  128  225  113  176   96   32   97   50   50   97   65   65   97   97   38   39   39  134  134   47   59   54   63   59   62   46  183 
 227  195   99    2   27   54   96   97   65   65   65   99   50   50   99   97    3  115  163  128  128  132  236   96   32  176  176  185   48   32   96   96   96  193  193   65   65   65   65  118   65   65   65   65   97  102   35    3    3    7  230  134   65   97  160  128  195   65  195  177   32   32   48   35   99   99   99   65   65   65   65   99   67   65   65   65   99   55   55    3    3    3  135  195   65   97  225  160  135   67   99   51   32   32   32   97  122   27   73   65   65   65   99   35   97   65   65   65   35   51   19    3    3    3    6  135    7    1   65  197  132  128  225   48   48   48   96   99   34  178   99   65   65   97   99    6    7    3   54  167    7   35  115   99   51   62   38   35 
 193  192   80   82   31   48   32  113   65   65   65  101  118   51   97   99    3   35  195  128  128  160   96   32   32  160  188   49   32   32   49   34   99  173   81   65   65   65   65  113   97   65   65   65   99  162  161    3    3    2    2    2   67  225  128  128  129  177  114   48   48   32  112   49   99   99   65   65   65   65   67   99   65    1   65   65   97   39   59   35    3    2    3    7    3   35   49   48   19   50   50   48   48   32   49  119   54   14   89   65    1   65   67  103   99   65   65   65   33   55  182    3    2    3    2    6    7   65   67  131  128  160   48   48   48   48   48  127   29  134   67   65   65   65   97   23  105   67   63   54    6  175  239   55   51  163  135   54 
 241  241  113  112   23  178   52  100   97   65   65   65   98   98   32   32   33   97  241  128  160  176   32   32  240  152   48   48   48   55   55   51   50  150   87    1   65   65   65   97   97   65   65   65  103  177  241   99   67   67    2    7   87  193  128  130  227   56   16   16   48  112  112  115   83   19   67   65   65   65   99  103   97   65   65   65   96   34   97   99   67   67    2    2   55   63  193  128  128  160   48   48   48   51  115   83    6   54  195   65   65   65   67   35   67   65   65   65    3    7    7   71   67   67   34    2    6  115   67  195  128  241   97   48   48   52   60   56   52  215  103   65   65   65   65   31  113  115   54   54   54  127   22   22   34   34  135   55 
 121  112   97   97   19   50   52  229   97   65   65   65  112   96   32   32   32   48  176  128  160   49   48   56   56   16   16   48   48   55  119   50   22   54  116   65   65   65   65   97   65   65   65   65  113  176   55   97   65   83   19   71   71  193  128  130   98  120   48   48   48  113   32   51   55   23   67   65   65   65   99  115   97   65   65   65   99   35  119  115   65   99   19    7    6   95  225  128  128  225  113  120   59   51   19   81  117   52   97   65   65   65   65  103   97   65   65   65   67   54   39   71   65   65  115  115   99  115   65  243  160  145   97   97  113   39   60   48   48  100  101   65   65   65   65   47   35   59   30   22   53   87   31   23  166  103  167   50 
 113  116   36   48   55  113  180  197   97   65   65   97  115   32   32   32   32  176  128  160   96   54   30   12   24   16   16   16   48  121  113  115  103  254  113   65   65   65   65   65   65   65   65   65  241  144   55   97   65  115   35   71   65  193  128  128   96  112  113   48  112  113  115  115   51   48  121   65   65   65   97  123   65   65   65   65   67   99   55  121   65   65   97   99   99   65  225  128  128   65   65   97  103    3   17   83   51   52   97   65   65   65   65  227   97   65   65   65   67   49   55   71   69   65   97   67   65   65   65  163  160  193   65    1   65    7   55   50  241  113   97   65   65   65   65   35   35   35   18   30   27    7  141    7  199    3   51   54 
 115   62  189   33  177  113  167   71   65   65   65   97   34   48   32   32  113  162  128  160   32   48   56   24   28   52   56   51   51   48  113  113  225   53  113   65   65   65   65   65   65   65   65   65  221  156  149   65   65   67   19   99   65  225  128  160   64   65   97  179   96   51   50   32   51   51   99   65   65   65   67   67   65   65   65   65   67   99  121  121   65   65   65    1   65   65  225  128  128   65    1   65   31   28   80  115   35   54  115   65   65   65   67   97   65   65   65   65   67   33   54    7    3    1   97   67   65   65   65  129  128  193   65    1   65  131  167   54  179  113   97   65   65   65   65   99  115   51   51   55   18   22   14   55    3  115   55   52 
 119   46   59   35  161   34   51   67   65   65   65   97   32   96   32  112  185  160  160   32   32   32   47   63  119  117  112   89   28   54   63   55  113   53   81   65   65   65   65   97   65   65   65   65   95  126  231   97   97  193  243   99   65   97  135  240   64   65   97  183  116  118   39   51   99   39   67   65   65   65   99  115   65   65   65   97  115  115   97  113  113   97   99   97    1   65  193  128  128   65    1   65   29   28   16   55   63   56  113   65   65   65   99   97   97   65   65   65   71   55   52    7  103   97   99   65   65   65   65  225  128  193   65    1   67  229    6   51   83  112  123   65   65   65   65   97  119   35  182  178  151   23    6  182  190  125   49   30 
 229  255   99  115   56   43   51   49   65   65   65   97   96  115   99  103  165  166   96   32   32   32   99   99  119  113  127  120   28   30   63   97   35   50  115   65   65   65   65   97   65   65   65   65  115   99   97   97   97  227  243   83   65  193  131  241   65   97  109   45   60   62   62   30   30   28   95   81   65   65   97  119   65   65   97   99   93   28   63   95   47   35   47   37  103   71  193  128  128  193   97  117  124   31   31   31   14   30   29   83   65   65   97  103   97   65   67  111   15   63   60   28   95   19   63    7    7    7   67  101  132  193   65   67   79   12   12   28   92   28   31  125   33   97   65  119   54    2  150  150  183   55   39   55   32  119   52  165 
 161  151   55   49   60   46   55  117   97   65   64  102  109  111    6    6    6   38   34   48   60   45   57   60   28  120   29   77   60   12   28  124   58   30  126  113   97   97   65  119   65   65   67   79   31   12   28   30   26   28   12   63  115  199  140  213   99  103   46   12   12   12   12   12    8   12   28  125  113   97   97   97   97    1  103  110   12   12   12   12   30   26   12   12   63   63  207  140  156  217  103  127   12   12   12   12   12   12   28   51  113   65   97  103   99   67    3   15   12   12   12   12   28   28   28   12   28   24  102   14   12   44  125    7   14   12   12   12    4   12   12   60  113   97   65  127   54   99  119   22   46   46   22   30   38  178  176  144 
 163    7   69   97   63   38  178   67   65   67   71   15   12   12   14   12    6   46  111   62   28   12   12   12   12   12   12   12   12   12   12   12   12   12   12   48   49   97   97  127   67   67    7   14    8   12   12   12    8   12   12   60  119   15   12   12   95   15   12   12   12   12   12   12   12    8   28   60   48   97   99  115   99    3    7   14   12   12   12   12   12   12   12   12   60   60   14   28   28   29   15   15   12   12   12   12   12   12   28   60   48   97   99  123   27    7    7   14   12   12   12   14   15   12   12   12   12   28   20   28   24   12   14   14   12   12   12   12   12   12   28   28   56  113   65   63   54  115  119    6   46   62   20    6   39  163  166  146 
  99   35   33   33   54   52   52  199   67    3    7   14   12   12   12   12   28   60   15   14   12   12   12   12   12   12   12   12   12   12   12   12   12   12   28   28   50   97   99   31  127    3    7   15   12   12   12   79   12   12   12   28   12   12   60   12   12    8   12   12   12   12   12   12   12   12   24   24  113   97   99   51    3   15    7   14   12   12   12   15  111  124    8  140  172   36   28   28   28   12    8   12   12   12   12   12   12   12   28   58   50   65   67   23   62   30    7   15   15   12   12   47    7  221  156  156   30  126   60   60  121   28   12   12   60   62   30   30   28   12   28   60   55   67   65  103  122  112   38   63    6   55   87   67  163  163   55  146 
  83   58   61   39   50   49   22  127   23    7    2   15   31   62   60   28   52   56   12   12   12   28   28   28   28   28   12   28   28   30   30   28   12   28   28   24   83   97   99  119   39   62   23   11   31   30   79   71  242  150  150  183   52   48  112  117   60   28   30   52   30   62   62   30   28   12   28   28   19   67   97  119   63   30    7   27   31   29   79   75   97  115  156  156  224   56   16   48   63   30   30  143   14   63   31   55   54   54   54   28   55   97  117   55   60   26   27    3   15  142  173  115   65  109  172  140  200   56   48   48   62   31   60   62   30   58   54   62   31   14   14   30   31   99   97   43   44   63   51   47    6   55  167  134  131  131    7  150 
  55   24   60  119   51  179  130  209  159    6    2    2    7   54   48   16   52   59   62   46   62   63   46   30   30   30  156  155  127   86   30   92   30   28   22   28  121   97   65  149   54   50    3    3    7  103  103  103  111  142  172   60   48   16   28   55   63  178  150   55   58   54   50   31   60   46   62   62   31  115  115   39   61   31  123    3    7   31   79   79  103   14   12   12   56   56   28   28   31   58  174   51   57   51   22   63   60   30   30   12   29  113  116   22   46  236   59    7    7   12   15  124   77   77   12   12   28   56   60   30   14   31  125  126   62   48  120  124   30   30   12   63   15   53  112   62   46   37   23    7   63   59  181    6    3    7   55   39 
 211  170   58    2   23  151  130  130  156  150   51    7   15   30   20   28   60    6   54   63   63   63   54   54   60  188  180   50  118  188   60   57   31   28   14   12   28   57   97  116   54  183  119    3    7   28   76    4   12   12   12   28   24   60   14   39  113   54   30   38   50   22  113  120   60   12   12   12   28   24   63   30   19   19   19    7    6   12   12   12   12   12   12   12    8   24   28   15   39   32   98   96  103   55    2   99  124   12    8    8   24   60  114   52   23   38   51   55   30   12   12   28   28   12   12   12   12   12   28   30    3   94   30   54   60  188  174   55   19   61   12   30    6   60   56   48  127   15  135  167   63    7  151  134  134   23   23    6 
 192  176  177    3  191  119  255   28   24   28   59    7   15   12   12   12   12   38   55   52   28   59  179  128  128  160  243   50   54  178  176   56   60   28   28   28   28   56   48   28   20  147  119  119   14   12   12   12   12   12   12   12   12   28   79   71   99   39   61   47   50  145   51  113  121   60   12   14   31   27   63   23   18   55   50    6   15   14   62   62   30   28   12   12   12   28   29   95  103  179  243   99  247   39   31   99  121   57   63   63   14  118   55   51   51  245   87   82   83  119   54  180  140  140  156   30  223   28   30   71   65   67   19   50  163  180  164  175    3   69   52   15   55   62   63  183   39    6  134  193   55   55   31   22  131  231  119   22 
 224  144   23    7   31  100  118   54   59  191  152  124   28   28   28   30  110  103   51   54   62   59   51  148  144  115  243  146   16   49   48   32  112  125  181  180  151   53   51   31  180  163   23   20   23   15   15   31   30   63   63   44   23   51   99   65  111   35   99   35   51  115  115   97   81  191    6   22   23   23  151   19   22   63   22  119   99  103  183   51  118   23   20   62   54   62   15   65   67  247  161   34   62   63   31   67   65  101   55   55   19  115   55   19   55   52  114  119   67  119  245  182  130  178  188   60   63   93   30   67   65  115   35    3   99  103   71  225   97   97   34   35   63   46   19  143   87   87  118  180    3   23   23    7   51   98  114   38 
 130  145   83   99   50   46   62   56   50   63  187   59  146  183   55  156  211    1    3  135  144   48   50   54  162  130  130   50  116  103   32   56  126  189  133   16   48  118  115   19   54  113   28   28   46   38   23   23   22   31   31   59  159   49   65   67   38   38   51   55   55    7   35   97   65   23   22  222   28   30  146   18   18   55   54  118  126  127   63   38    7   63   62   26  111  127   47  101  115   39  174   60   28   28   14   15   67   55   28   62   51   30   18    6   51   60   62   60   27   31  102   22   30   62   60   28   28   93   29  127   97  119   46   15   31  111   63   63   71  103   39   59   26   62   30   30   23   55   51  176  247  119   55   23   47    6   53  150 
 162  161   99  127   96  182   34   35   54   60   62   47  142   31   31  141  188   55   35   23  174   62   62   46   62  159   30   46   61   52   52   62   30   28  156   55   39   23   22   22   46  127  127   24   30   14   28   28   28   30   30   12   28   61   25   95   30   30   30   30   14   12   28   79   79   28   12   14   15   31  146  144   26   51   56   60   12   12   12   12   12   12   12   12   12   12   12   28   20   12   12   12   12   12   12   12   12   12   14   14   51   62   55  115  115  120   28   12   12   12   12   12   12   12   12   12   12   12   12   28   28   28   12   12   12   12   12   12   12   12    7   39  178   62   30   30   19   51   43   46   55   49   19  144  148   55    7  166 
 160  164   60  120   96  227   54   55   23   55   56   28   12   12   12   12   12   28   28   28   12   12   12   12   12   12   12   12   12   12   12   12   12   12   15    7    3   49   53   20  182   86  112   56   60   12   12   12   12   12   12   12   12   12   28    4   12   12   12   12   12   12   12    8   12   12   12    6    3   63  179  179  115   99  113   60   12    8    8   12   12   12   12    8    8   12    8   12    4   12   12   12   12   12   12   12    8   12   14   71   33   86  183  119   97   96   60   12   12   12   12   12   12   12   12   12   12   12   12   12   12    4   12   12   12   12   12   12    8   14    7   51  174   30   60   55   23   99   59   15   39   35   52  176  160  183    6   39 
 140  188   24   56   57  167   22  117   49   99  113   28   12   12   12   12   12   12    4   12   12   12    8   12   12   12   12   12   12   12   12   12   12   12   79   67   97  161  177   29   56  119   99   33   61   12   12   12   12   12   12   12   12   12   28   52   45   12   12   12   12   12   31   11   30   12   15   67   67   43    7    2   19   99   97  101  124   12   28   12   12   12   12   12   12   12   12   30   51   59   14   12   28   28   28   79   71  111   99   65   83   95   49  103   97   97  113   29   28   28   28   12   12   12   12   12   12   28   28   12   63   51   23   28   12   12   12   79    7   67   65  115   63   62   52   63  151   39   22   50  182  119   54   20   35  167    6  143 
  60   12   62   62  189   53  145   38   49   97   97  113  126  140  140  156   28   28   62   63   14   12   12   30   30   12   60   52   62   30  188  188  156  140   71   65   65   55   62   16   59   99   99    1  113  142   47   60   28   28   28   12   12   28   28   14  111  126   23   62  124   60  127  115  227  128  193   65   65   91   30   30   19   99   65   65  113  112   60   30   30   28   30   30   28   15   63   30   31   35  110   70   60   59   30  103  115  243   65   65    1   30   31  103   97   65   65  241  120   54   22   54   62   30   62   60   14   22   20   63   60   23   39   54   58   30    6    7   67   65   65   67   55   23    6  190  134    6  188   50   35   35   30   18  147  135  133  143 
  54  148  182   30   59   55  177  178   35  115   65   65  195  128  128  176   48   52   30   54  126  126   39   61   93   12  124   28   28   78  149  128  128  128   65   65   65  119   60   52  167   35   99    1   65  128  227  113  124   15   49   60   10   51   60   15   34   54    3   35   48   48   18   99  131  128  193    1   65   89   24  126   19   97   65   65   99   97  121  111   95  124   63  119  127   79  119   71   59   32   50    3   97   51   62   46   99   99   65   65   97   60   62  115   65   65   65  113  113  117   87  119   23   23  103  111   46  117   87  119   50   55   99  115   49   28    6   35   67   65   65   65    7  181   22  150    6    6  142   30   18   30  157   17   17   97  149  167 
  48  164   28   52  147  183  176  176   97   97   65   65  193  128  128  193  113  117   62   50   55   50   99   98  106   30   79   49   63   71   83  130  128  128   65   65   65  103  165   20  177   99   97    1   65  160  193   97  117   39   97  115   23   35   63  111  103   54   51   33   51   63   54   34  193  128  193   65   65  113  241  180  115   97   65   65   65   65  127  123   83  103  127   97   35   35  115  103   63   50   50   99   97  115   54  119   99  225   65   65   65   61  147   83   65   65   65   81   97   71   60  103   87   17   81   18   34  115  115   63   18   19   99   97  115   62  119   99   97   65   65   81  163  176  176  150  182  182  140  156  149   60  180  144  112   67  129  180 
 163   57   28  156  132  128  132  132   97   67   65   65  193  128  128  193   97  117   55   35   54   55   54   50   38   22    3   59   50  115  193  128  144  176   65   65   65   35    1   23  211   65   65    1   65  193  225   67   71   48   51   58   29   55   63  127  119   50  114   97  103   22  118  113  192  128  193   65   65   97  160  181  117   65   65   65   65   69   95   26   55   23   39  117   99   99  115   55   62   26   34  116   35  103   62  127   97  241   65   65   97  159  163   67   65   65   65   87  103   79   44  125   70   63  123   83  115   55   62   62   16   50  119  103   87   62  121   97   97   65   65   85  224   50  166  134  160   38  130  167  165  150  146  148  112   99  115   51 
 135  149  178   30  190  135  134  131   97   99   65   65  225  128  128  129   99  122   29   31   52   20   20  118   47   14   14   30   60  120  224  144   16  176   65   65   65   67  101  150  227   99   99   65   65  193  161    7   31   28   31   14   28   30   30   60   62   67  123  127   70   14   63  115  231  134  195   65   65   99  130  148   97   65   65   65   75   15   30   30   30   30   14   62   47   63   61   62   30   26   99   55   30   15   14  124  113  121  113   65   97  103   67   65   65   65   65   79   15   14    8   28   14   30   62   62   30   62   62   30   30   30   63    7    7   12   28  125  127   97   65   65  193  128  134  134  176  182   51   55   50   32  130  151  117  240  120   31 
 158   22  178  131  118   20   22   63   35   99   65   65  235  140  140  141   15   28   28   28   30   14   30   30   31   15   28   28   28   56  252  156   60  140  121   65   65   39    2   23  103   99   67   65   71  204  137   14   14   12   12   12   12   12   12   12   44   78   14   12   12   12   60   60   12   12  125  117   97  227   34  160   33   65   67   79   15   12   12   12   12   12   12   12   12   12   12   12   12   12   12   12   12   12   12   28   28   12   61   49   97   51  119   65   67   71   79   12   12   12   12   12   12   12   12   12   12   12   12   12   12   12   12   12   12   12   12   12   28   53  113   65  151  179  188  133  146   51  179   55   39   38   54    7  167  192   52   54 
  20   52  152  249  119   48   52   60   39   99   67   71   14   12   12   12    8    8   12   12   12   12   12   12   12   12   12   12   12   12   12   12   12   12  125  113   65   71    2  135   55   99  103   71   15   12   12    8   12   12   12   12   12   12   12    8   12   12   12   12   12    8   12   12   12   12   12   62   99  195  243   32   97  115   71   14    8    8   12   12   12   12   12   12   12   12   12   12   12   12   12   12   12   12   12   12   12   12   62  118  117  179  179   33   99    7   15   12   12   12   12   12   12   12   12   12   12   12   12   12   12   12   12   12   12   12   12   12   30   22  114   99   31  183   62  167  131    2  160   38  182  166  150   39  227  128   55  150 
  20   20   48  119   87  181  176   55   55   33   71   14   12   12   12    8    8    8   12   12   12   12   12   12   12   12   12   12   12   12   12   12   12    8   60  124   97   55   55  179   23   67  103    6   30   28   12   12   12   12   12   12   12   12   12   12   12   12   12   12   12   12   12   12   12   14   14   75   67  103  147  167   99   97   39   12   12   12   12   12   12   12   12   12    8   12   12   12   12   12   12   12   12   12   12   12   14   15   15  119  118  176   35   39  101   99   54   28   12   12   12   12   12   12   12   12   12   12   12   12   12   12   12   12   12    8   12   14   95   71  115   99  167  176   60   38   31    6   18    6   55  119   23   63  113  209  131  146 
 156   16   55   50    7  149  183   51  119   61   51   14   12   12   12   12   12   12   12   12   12   12   12   12   12   12   12   12   12   12   12   12   12    8   12   60  120  126   54   33   19   83   65   67   99   52   12   12   12   12    8   62   62   30   28   28   28   12   28   24   28   12   28   46   62   14   67   65   97  119    7  135  163   97  113  121   44   12   12   12   12   12    8    8    8   12   28   28   28   28   24   28   12   94   94   62   15   67   65   87   51  118  127  127   65   65  113   62   30   28   14   62  108   62   30   62   60   28   15   63   31   31   30   30   61   58   62   15   67   67   83  127   39  180   52   54   30  103   35  135    7    3    3  189  119  247  134  142 
 156   18   55   18   63  166  134   14   38  190  190   30   28   28   12   28   12   12   28   28   12   12   14   30   28   14   60   14   30   60   62   14  174  156  189   31   30   60   38  116  248   89   65   65   97  119   62   60   63   31   31   98   54   87  113   28   91  119   55  115  125   23   99   34   50    2   67   65   65  215  133  129  193   65   65   97  127   62   60   29  127  126   58   54   23  127   60   95  119  118  119  125   31   99   98   54    6   65   65   65  227  182   62  121   65   65   99   54   54   54   23   39   55   33   51   99  117   61   67   51  115  115   95    7   97   34   38    3    1   65   65   87    7   52  184  159   30  167   39    7    3    6    7   35  150  134   18  168 
 145  134   54   22   16   54   14   44  170  226  230   23  177  188  146  148  128  131   39   55  183  148   38   23   14   45   62    6   30   53    7    6  146  130   23    7   22   51   34   52   58   31   65   65   97  119   55   50   35   67   71   35  115  119   67   55   99   67   99   97   97  115   99   33   35   99   67   65   65  227  131  162   97   65    1   97   50   55   54   39    3    7   99  119   67   67  127  113   67   99   97  117  115   99   97   55   99   65   65   99  105   14    7    7   65   65   99   35    3    2    3    3   65   97  103   99   97   51   99    3   99   97  103   35   99   35  115   99   65   65   97   51   55   54  179   62   14  158  130  139   31   31  151  128  128  128  128  128 
