1
0 1
OK
0
5 157 53 8321 0

 128  163   39   15   12   12   12   12   12   11   26   57   45   60   28   12   12   12   12   12   12   12   12   12   12   12   28   60   32  230  134  177   51   15   15   12   28   28   14   14   11  156  156   60   56   60   12   12   12   12   12   12   12   12   12   12   12   28   60  112  148   23   59   30   12   12   24   30    4   69    7    7   60   28   28   56  113  113  115   23   48   59   24   28   12   12   28   28   56   28  127  113   39   14   12   12   28   28   28   12   14  102   33   99  116   12   12   28   16   16   12   28   28   12   12    4   28   56  112  244   20   22  215  134   12   47   47   28   60   28   28   47   34   97  120  124   12   28   16   48   56   60   44   28   28   28   28   30   30   63   35  131  134    7   22  150  130 
 128  163   55   28   12   12   12  125    7    3   10   61   48   48  121   28   28   12  140   12  156  140  159   31   31   30  156  188  176  150  182  176  146  143  156   28   60   63  123    3    6   30   16   48   48   54   62  190   12  140  140  156   28   28  142  142  142  158  148  190  124  102   22   18  150  148  140  142  134  147    3    6   79  113   57   24   16  112  112  119   67  115  255   28   23   61   62   54   28   24   62  188  188  180  140  140  188   54  118   48   30  127   35  112  117   31   60   53   17  122  125   95   31   28   12   12   28   31  182  243   23    6  142  128    7    7   11  140  123   48   28   46   99  115  120  124   28   61  113  115   58  100   92   28  156  156   48  188  129  135  135  131  134  134   54   22   98 
 128  128  135   23   57   47  135  129  131    6   14   28   48   48  119   54   20  183  135  188  158  134  131  147  146  134  132  144  160  176   16  144  128  128  144   80   28   22  247    6    6   14   28   48   62  183    7  134  128  144  146   60   30    6  140   28   22   54  176   52  254  228  148  186   30  134  128  128  128  130  134   30   63    1   26   24   16   24  158  113   97   97  241  144  129  165  167    6   54   54  188  176  182  162  160  176  176  147   99   62   12   11    2   48   48  115  115   65   65  115  116  103   31   24   28   62   62   62   52  182   54   22   14  178  178  182    4  134   67   34   14   12    2   18   48  120  184  113   65   67  119   85   28  188  190   26  186  160  160  182  134  148  128   53   32  179  162 
 128  128  135  150  150  142  128  128  130  134    6   30   30  184   58   62  150   23  151  183  182  150  128  128  130  134   20   16  160  180   28   28  180  144  147  115   55   53  181  156  148   31   31  254   30  146  132  132  128  144  150   28   62  182   15   29   55   22  146  144  146  134  130  190   30   12   60  190  166  160  160  163   99   65   58  156  159   63  166   97   97   97  227  131  128  142   14    3   23   22  148  163   99  115  176  160  160  129  151   30   31  123   99   55   51   51  113   97   64  116   52  164  144  144  176  199   30   60   20   54   54   22  182  178  182   54  132   22  146   63   30   62   99   95  148  144  224   97   64   97  160   23    7  165  162  134  130  128  227  119   19  150  128  148  160  128  128 
 132  132  134    6  134  162   18  224  128  166   15   63  151   34   63    6  151  150   87  199  149   20  144  128  130  179  176  176  128  134   63   61   55  154  187  179  182   16   48  160  156   23  131  230  102   50  176  128  128  128  134   30   60   58  183   45   55   55  178  176   50   18  176   48   55    4   14   30   38  160  176  176  112  113  241  144  135  183  160  231   67    1  163  131  130  140  159  151  149   22   57  152   16  114  176  176  129  161  164   21  177  112  112   99   35  167  243   96   99  118  162  160  144  144   48  151   30   60  176  176  183  147  150  150  176  176  148  132  128  133  189  116  112  228  132  128  225   97   65  113  145  131  134  132  150  182  160  193  195  127   63  132  128  128  128  128  128 
   7  151   23  133  148   38   34  226  128  175   60  183  147   38    3    6  158  134  134  225  145  148  148  144    4  183   55  180  128  134  151   37   55   30   60  144  150   54  177  182   14    7    7  119  117  179  160  135  132  128  150  156  188  154  182   52   21   17  176  176  128  144  183   55   55   48   50   22  130  130    3   97   33   48   48   17  144  155  160  166   65    1  135  151  150  148   22  150  144  182   52   18   22  190  160  224  134   38   38  118   96   48  177  195   35   32   23   65   99  102  161  147  179  182  179  184   20  220   28  140  128  128  134   28   48   50  150    6  132  128  161  112  112  251  128  130    3   67   65   51   31   30   67  129  134   12  160  193  178  132  134   55  182  132  128  128  128 
 131    2  150  129  129  163   35  161  128   62  186  151    7   15   15   55  161  144  176  128  160  164   23  146   55  151   51   50  178  164   52  184  145  157  181   21   21   37   35   14   60  188   52  116   61  131  128  135    6  150  186   30  103  176  179   52  180  144  144  128  128  128  150   22   55  182   54  162  130  130  131   97   65   51  156  177   49   51  156  172   71    1    1   21  148  176   51  131  144  144  151  146  150   54  162  132  164  182  182  119   97   33  225  157  183  180  129    1    1   39  167   21   61  165  131  184   52  164  156  140  128  128    6    4   38  166  150    7  130  129   63   97   97  225  161  130  162   97   65  147  190   63  115  161  134  134  160  180   55  167  134  180   54  134  128  128  128 
 241  138  146  133  133  131  131  130  148   50   22   23    6   95   12    6   35  144  182  134  160  178   19    2  163  131   18   18   55  180  132  135  183  179    5  183  180  160  180  156   60   60   22  115  176  128  128  154   26   18   63  127  119  178  178  176   61  165  128  160  160   52   28   30   30   30   54  180   22  181  129  131    1   35   35   99  231  229   56   62    7    1   33  147  144  160  176  160  128  128  128  128   16   18   22  150   54  182  167    2    3    1  113   30  146  160  161   65   65   51   23  135   31  135  160  164   52  180  180  128  130  133  134  166   52   30    6   35  178  135   71   65   97   99   51  151  166   97   65  241  148  130  130  160  128  132   38   38   83  243  128  128  128  128  162  176  176 
  43   26   16  166  148  132  134  180  180  146   50   35   47  111   34   34  134  156   30  143  136  144  146  142  181  178   22   63   50   52  148  135  182  178  150   28  188  160   22   23  182  167    7  183  132  180   48  176   30    2   71  158  176  146  186  176  177  163   55  240  240  132   62   28   29   21   38   22   38   39  130  135    1    3    3   35    7   39   35   51  115   65    1  115  176   32  160  164  132  163  166  183  178   51   19   23   50   54   55   55   99   65  115   55  178  160   57   67   65   50   23   31   63   63   44   62   63   30   54  184  130  129  130  128  148  151  247  118   22   31   79   65   99    7  150   54  118  113   65  117  180  140  142  142  140  188    6   39   91   91  152  128  134  134  162  113  115 
  27  121  225   32  149  135  142  188   60   28   61  179  158  127  115   51   30   62   62   10   12  148  150  142  188  176  182  151   35   54  150    7   38   34   54   54   62  166   14   31   54   35   27  189   12  182  190  179   31    6  182  134  158  188  188  152  150    6  166  102  230  178   38   20   22  116   84  150  167  167  134  167    1    1   35   39   23   63   15   52  112   97   97   51   38  167  226  228  134  163  119   22   50   51  109   49  183   55  176   60  121   65    3  178   30   60   56   99   97   62  167   30   28   12  156  186   55   54  178  159  135  128  128  128  128  144  231  119  150   28  127   65   67   39   52   48   52  112  112  119  134  156   30   30   12   62   30  174   29   24  152   28   22  134  140  199  199 
 152  152  144  160   34   54   30   24   30   30   63  179  142   47   55   54   30   38  191   63   61   16   22   14  166  176  183  179   54   23   22   71   39   39   62   62   62  167  172  188  228   36   38   30    7   39  174  138    2   54  182   54   60   60   52   52  118  100  164  150  158   26   59   55   87   60   54  159    7   19   30    7   65    7   63   58   27    7   31   24   24   48   96   54   23  103   54  167   22   19   28   14   62   48   60   28  148  144  156  148    5   67  127  254   30   31   24   48  100  172  160   62   12   20   20   26   62  180  128  135  135  129  128  130  146  145  178   48  117  126  119   67   71   63   60   12   60   48  112  228  132  148   16   47   48  114   60   28   20  144  191   14   22   28   10    2   54 
 128  176  182   32   35   55   30  184  151   23   63   52   54   63  175   32  190   36   39  124   61   62   60  183  151  148   23  179  116   22   22   23   35   43   62   62   30  255  164   52   50  118  118   50   63   39   59   26   30  156  186  133   60   58  186   60  116  118   98   16  247   30   30   15   95  158   30   22   29   31   28  140   55    7   28   24   27   14   28   24   24   28   52  118   28  111   31   30   30   46   46   63   51   18  184   62   56  123  126   28   29   15   14   12   12   28   24   60   62   60   44   46   28   28   28   12   30  140  140  142   31   31  158  134    6  143  191   53  117  127   47   79    7   12   12   12    8   60   79   60   12   28   30   46   46   46   61   28   44   44  143   30   62   60   30    6   54 
 148  180   62  119   79   63   30  156  140   30   14   60   62   62   30   62   30   60   60   28   30   28   30   30   30   30   31  150   36   52   20   22   63   14   14   30   14   61   13   28   28   30   62   63   28   28   12   12   12   12   28   28   12   12   28   28   12   28   62   50   20   60   59   94   24   12   28   28   12   12   12   12   12   12   28   28   14   12   28   28   28   28   12   12   12   28   12   12   12   12   14   39   38    2   31   61   28   28   12   12   12   12   12   12   12   12   12   12   12   12   12   12   12   12   12   12   12   12   12   12   12   12   14   39  102    6   38  177   56   28   28   12   12   12   12   12   12   12   12   12   12   12   12   12   12   12   28   28   12   12   12   12   12   12   12    4   39 
  60   28   28   28   12   12   28   12   12   12   12   12   12   12   28   28   12   12   12   12   12   12   12   12   12   12   14  102   34  115   29   56   56   28   12   12   12   12   12   12   12   12    8    8    8   12   12   12   12    8   12   12   12   12   12   12   12   14    7  103   54   54   54  123   56   24   12   12   12   12   12   12   12   12   12    8    8   12   12   12   12   12   12   12   12   12   12   12   12   14    3   99  127    7   63   56   48   60   12   12   12   12   12   12   12   12   12   12   12   12   12   12   12   12   12   12   12   12   12   12   12   15    7   39   37    6  118   52   48   56   60   12   12   12   12   12   12   12   12   12   12   12   12   12   12   12   12   12   12   12   12   12   12   12   14    7    7 
  48   28   12   12   12   12   12   12   12   12   12   12   12   12   12   12   12   12   12   12   12   12   12   12   12   15    3   99   98   34   57  112   48   60   12   12   12   12    8   12   12   12    8   12   12    8   12   12   12    8   12   12   12   12   12   12   12    7   71  101   23  103  112  112  112   60   12   12   12   12   12    8    8   12   12   12   60   62   14   12   12   12   12    8   12   12   12   12   14   15    3    3  103   99   96  112  113  121   60   62   14   12   12   12   12   12   12   12   60   28   13   29   12   12   12   12   12   12   12   12   12   79   67    1  103   39  114  113  113  113  124   60   62   14   60   60   31   28   14   14   12   12   12   12   12   12   44   60   12   30   30   14   12   12   15    7    3 
 113   60   28   28   12   12   12   12   12   12   12   12   12   12   12   12   12   12   12   12   12   12    8   12   14   71   67   65   67   99   48  112  113  125   60   62   14   14   12   12   12   12   12   76  124   30   79   29   12   28   28   12   12   12  142  142  159   99   65   65  119   65  112  112   97  113   52   22    7   31  207  157   28   14   47   45  126  118    7   93  140   47   62   23  204   29   31   31   95   67   65   65   99   65   97   97   65  113  114   51   47   79  205  188   62   15  188  124  117  127    7   31  140  188   62   31   14    7   30   12   46   67   65   65  115   97   97   97   65   65  113  114  115   15  125   62   59   56   31  111   47  156   62  175   62  109  109  124   15   51   62   71   79  127   99   65    1 
  97  113   52   54   27   13   28   30   62   62   30  157  140  140  156  156  190   30   30   62   30  126   56   30   14   67   65   65   67   67   65   65   65  113  118   55    7   23   62   60   30   31  159  209  113  127   99  195  224  112   58   55  151  128  130  130  241   65   65   65   99   97   65   65   65   97  115  115  115   67  113  112   55    7   67   39   99  115  113  225  176   99   50   19  131   19   95  135  103   65   65   65  113   65   65   65   65   65   99   34   99   99  241   50   62    7  134  103   67   63  117   99  252   32   50   18    7  103  225  161  245   65   65   65   67    3   65   65   64   65   97  115   50  115   97  127   99   51   95   65  103  135   39   39   51   97   97  115  119   99  115   67  115  102   71   65   65 
  65   97  117   55   99  121   55   55  121   31   67  131  162  160  161  240  113  125   95  115   55  103   48   22    7   67   65   65   67   65   65   97   65   99   99  119  115  101   52   32   22    6  227  225    7   54  113  177  225  113   34   35   99  176  128  128  113   65    1   65   97   97   65   65   65   99   99  119  119   97   97   34   54   34  103  103    3   63  124  241  241   97   39   50    3   55   48  134  161   65   65   65   99   65   65   65   65   67   35   35  114  113  119   97   53   18   51   43   15   55   60  113  255   35   35   34   51  119  127   26   55   65   65   65   83   19   65   65   64   65   67   23   55  112  123   31    3    3   93  125  121   12   14   14    7  103   39    7   52   50   91  125  119   14   71   65   65 
  65   99  115   55   97  105  113   35   29   63   35   11   47   62   39  127  103  127   31   51  115  115   99   55  113   97   65   65   65   65   65   65   65   67    2   55   48   99   51   33   55   51  215  183   63   30   54  183   99   35  115   99  119  182  128  128  193   65   65   65   35   99   65   65   65   71   66   50   48  116   63   99  119   32   49   60   31   28   28    6  103  115  115  112  115  113  119  134  193   65   65   65  103   65   65   65   65   67   87   63  120  107  103   37  119  112   56   24    8   12   12    4    6    7   31   48  122   49   63   27   99   65   65   65   87   83   67   65   65   65  123   62   62   54  119   55   54   30   28   28   24   24   12   12    4    4    6    6   22   63   30   28  182  238   67   65    1 
  65   67    3   62  115   83   91  103   69   53   49   63   28   28    4   30  103    6   63  127   62   51    3   30   48  113   65   65  113   65   65   65   65   67   79   62   48  227  103   63  118  120   62   56   30   31    4   14    7    7  127  120  118  181  133  129  193   65   65   65  103   99   65   65   65   65   69   28   60  166   63  118  124  112   56   24   56   62   23    5   13    7   31   60   99   99  227  130  131   65   65   65   69   97   65   65   65   65  197  156  184   62   71   95   60  124   24   24   56   60   62    7    4    6   30   30  178  230   54    3  103   65   65   65   87    3   65   65   65   65  113  125   31    7   99   51   48   48   16   30   30   31   12   28    4    4    6    6    6   63  188  255  247  195   97   65   65 
  65   65  126   60   23   30   28   60   28   28   24   28   28   28    4    4    4    6   30   62   60   30    6   28   29   81   65   65   65   65   65   65    1   65  125  184  176   50  151   53   28   16   24   49   54   87  109   28    4    6   30   63   97  183  135  131   99   65   65   65   97   97   65   65   65   65  193  144  144  178  242  120   24   16   16   95  121  115   83   71   13    6    6   46   49   35  131  128  227   65   65   65   99   65   65   65   65   65  225  130   38   50  119   50   16   16   16   90  123   55  119   69   15    6    6    2  134  166   34   35  131   65   65   65   81   83   65   65   65   65   67  111   62  121  113  114   48   16   49   63    7    7   12   28   28    6    6    2    2    2  131  245  240  163   71   65   65 
  65   65  229  230  134  188   62   56   48   55   31   95   23   30   13    4    6    6    6   38   38  162  134  166  103   65   65   65   67   65   65   65   65   65  237  128  176  182  174   49   48   16  127   41   55  117   65   53    7    6    2    3   39  135  178  176  115   65   65   65  117   65   65   65   65   65  225  128  160   48   59   48   48   16  113  113   97   55  119   99   13    7    6    2  131  159   51  130  103   65   65   65  227   97   65   65   65   65  225  130  166  167  123   48   48   48   81   65   65    3   51   97    1    3    2    2    3   55  164  161  177   65   65   65   69   83   65   65   65   65    7   15   60   56   55  118   48   51   51   51    3    3   30   30   14    4    6    2    2    2    3  103  225  160   85    1    1 
   1   65  225   38  134  176   58   48   49   55    7   67    3    3    7    6    6    2    2    2    7  199  132  134   87   65   65   65   67   65   65   65   65   65  192  128  160  180   60   48   48  113   97   67   63  124  121   65  103    6    6    2    6   14   22  182  243   65    1   65  115   65   65   65   65   65  193  128  160  112   48   32   48   48   81   65   67   62   62  113   65   67    3    3    3   23   39   51  199   65   65   65  227   97   65   65   65   65  225  144  128  177   56   32   48  176   81    1    7   14   28  121   65   67    3    2    3   23  135  128  176   65   65   65   71   81   65   65   65   65   97  111   60  116  112   32   32   51    3    3   51  123   24   12    4    6    6    2    3    3    3   35   49  178  115   65   65 
   1   65  225   96  226   32   32   48   49   51  115   97    3    3    3    3  135    7    7    2    3   71  135  130  119   65   65   65  115   65   65   65   65   65  195  130  176   32   32   32   48   83   65   55   28   30  121   65   97   71    3    3    3    7    7  131  193   65   65   65   99   97   65   65   65   65   81  144  162   96   32   32   48  112   65   65  115   31   57   81   65   67    3    3    3    3   39   39    3   65   65   65   99   65   65   65   65    1   97  144  227   96   96   32   48  240  225    1   97  124   24   95   65   65   71    3    3    3    3    1  129   97   65   65   87   67   65   65   65    1   65   83   99   99   96   96   32  120   51   54   62   63   59   29    4    6    2    3    3    3    3    1   49   54   87   65   65 
   1   65   97  225  115   96   32  113   67   30   58   49    3    3    3    3  131  131   39    3    3   71    3  163  113   65   65   65   67   65   65   65   65   65   99  131  240   96   32   32  240   67    1   51   56   63  113   97   97  195  135    3    3    3    3    2    3   65   65   65   69   65   65   65   65   65  193  128  224   96   32   32  241  243   65    1   55   28   25   91   97  115  195    3    1    1  119   55   67   65   65   65   97   65   65   65   65   65   97  128  227   96   96   96  240  176  225    3    7   31   12  111  115   97  133  163    3    1    3    3  131   99    1    1  114   83   65   65    1    1   65  115  115  115   96   96   48   48  112   48   51   11    3   31   14    6    3    3    3    3    1    1    1  187   91   65    1 
  65   65  113  115   98   96   32   97    7   31   60  113  115    3    3    3    3  130  163    3    3    1   67    3  115   65   65   65   65   65   65   65   65   65   97  225  112   96   96   96  224   65    1   62  124   60  119  113  117  224  193   67    1    1   99    3    3   65   65   65   81   65   65   65   65   65  193  196   96   96   96   97  160  130   97    7   23   28   28   95  115  113  193  135    1    1   51   51    3    1    1   65  127   65   65   65   65   65   81  152  240   96   64   97  178  128   96   67   55   62   30   15  115   97  161  131    1    1   65    3    3   67   65   65   81  113   65   65   65   65   97  127   56   49   96   97  113  112   96   96   97    1    3   55   38    2    3    3    3   67   65    1   33   26  115   65   65 
  65   65  115  114   96   96   96   97    3   27   48   56   58    3    3    3    3  131  131  131    1   65   67    3   67   65   65   65   97   65   65   65   65   65  225  177   96   96   64  224  160  225   65  115   60   30    6   55   39  161  128  195   65   65   97  131  131   65   65   65   67   97   64   65   65   65   97  231   97   96   64  225  128  128   97   97   48   58   22   23   19  113  128  129   65   65   97  160  211   65   65   65   93   65   65   65   65    1   85   28  112   97   65   65  130  128  128  225  113   48   23    7   99  224  128  161   65   65   65  227  131  195   65   65   97   97   65   65   65   65   97   48   56  113   97   65   33   97   97   97   97    1    7   55   55    7    3    1    3   99   65    1  113  243   65   65   65 
  65   65   87   98   97   64   65   65    3   31  125   48   60   63    6    3    3    3  167  225   65   65  241  223   27   65   65   65   97   97   65   65   65   65  225  241   97   97   65  193  128  161   97   97  115  115   99  227  225  193  128  193   65   65  225  129  135   65   65   65  199   65   65   65   65   65   97  131   65   65   65  193  128  128  161   97   34   51    7   35   99   97  128  193   65   65   65  134  177   65   65   65  245   65   65   65   65    1   87  143  113   97   65   65  130  128  128  161   97   55    7   53   99  241  128   99   65   65   65  225  199   65   65    1   97   99   65   65   65    1   97  118   23   67   65   65  162  161   65   65   99   35    3    3   63   63   99   65   65   99   65   65  225  161   65   65   65 
  65   65  117   96   97   65   65   99    7    7  103  113  113   83    3    3    3    3  135  224   64   64   97   48   49   65   65   65   97   97   65   65   65   65  227   97   97    1    1  129  128  128   99   97   99  115   99   97    7  131  128  241   97   64  224  131   71   65    1   65   97   65   65   65   65   65  193  129   65   65    1    1  131  128  225   65   51    2   50   56   96   96  128  224   96   96   96  134  177   65   65   65  193   65   65   65    1    1   67    3   65   65    1    1  131  128  128  225  103    7   62  118  123  226  164  230   96   96   97  225  229   65   65   65  101  119   65   65   65   65   65  247  147   67    1    3  131  225    3    3   47   63   51    3    3   55  115   96   96   97   96   64  240    6   71    1   65 
  65   65   97   96   99    1   65   35  163  163   71   19   19  113   51    3    3    3    7  102   96   96  183  167  103   65   65   65   97   65   65   65   65   65   99   97   65    1    1    3  130  128  131   35    7   62  122  115   67    3  145  112   96   96  224  131  195   65   65   65  115   97   65   65   65   65  193  243   65   65    1    3  131  128   97   65   23   28   28   62  232  224  160   32   96   96   96  128  240   65   65   65   65   97   65   65   65   65  113  177   65   65    1    3  131  129  128  161  117   63   62   62  115   34  164  116   96   96   96  129  163   67   65   65   69   85   65   65   65   65   65  129  135  111    1    3  131  131    3    3   14   28   59   35    3    3   51  112   96  113   96   96  240  134  101    1   65 
  65   65   67   99   51    3    1   99  162  161    7    6    6   30  188  183    3    3    3   35   96   96  179  182  119   65   65   65   65   65   65   65   65   65   67   71   65   99    3    3  131  128  193  103   46   30  185   99   67   97  112   96   32   96  242  134  129   65   65   65   83   97   65   65   65   65  193  241   65   97    3    3  131  130   97   65  230   28  188  176  161  161  224   32   32   96  224  128  227   65   65   65  103   97   65   65   65   65   97  193   65   71    7    3    3  135  135  193   65  239  142  152  178  224  176   96   32   32  224  128  135  115   65   65  229  193   65   65    1   65   65  161  171  127    3    3    3    7  131    3    6    6    7   31   19    7   51  112   96   32   32   96  194  128   97   65   65 
  64   65   67    2  119   67    3    3  130  128  131    7   23  158  144  163    3    3    7  103   32  115  135  150  211   65   65   65   65   65   65   65   65   65  225  195    1  103    3    3    7   54  193   65  163  146  131   65   67  112  112   32   32   96   62    6  197   65   65   65  221   97   65   65   65   65  193  225   64   65   67    3    2  130  100   64  225  132  128  128  131   51   48   32   32  160  224  128  179   65   65   65   67   97   65   65   65   65  193  193   65   97   39    3    3    2    7  115   97  193  128  128  130  186   48   32   32  112  225  128  133  113   65   65  211  193   65   65   65   65   65    3   55    3    3    3    3    2  131    3    6    6    4   12   60   62   19   55   48   32   32   96   70  134   71   65   65 
  65   65  199    3    3    3    3    3    2  134  130  131    3  130  128  129  131    3    7   39   99   39    7    7  131   65   65   65   65   97   97   65   65   65  193  193    1   67    3    3    6    6  199   67  129  128  130  225  115  112   48   48   48   54   54   54  213   65   65   65   95   97   65   65   65    1  193  193   65   65   67    2    2    2  103   99  193  128  128  144  150  112   48   48   48  177  128  128  147   65   65   65  103  113   65   65   65    1  193  176   97   97  103   66    2    6    6  103   97  131  128  128  178   48   48   48   48  176  128  128  128  193   65   65  113  121   97   65   65   65   65    3    3    3   39  115    2    2    6    6    6    6    4   28   61   31   19   19   48   48   96  102  134   23   67   65   65 
  65   65  215    3    3    3    3    2    2    6  134  135    3  131  132  129  129  131    2    3    3    3   39   39   97   65   65   65   97   99   97   65   65   65  193  193    1    3    3    3    2    6    6    7  131  128  128  129   63   48   48   48  112  150  180  179  211   65   65   65  119   97   65   65   65   65   97  241   65   65   71    3    3    6    7   15  129  128  128  240   48   16   48   48  113  177  128  128  193   65   65   65  117  115   65   65   65   65  193  176   97   67   67   99    6    6    6   95  115  131  128  240  113   48   16   48  241  128  128  128  128  197    1    1  195  227   97   65   65   65   65   67    3   35   54  126    2    2    6    6    6    4   28   28   24   57   16   16   48   48  242  130  134   54   99   65   65 
  65   65  197  131    3    3    3    7    6    6    4    4    6   22  134  167  131  135    7    2    3    3   39   39   97   65   65   65   97   99   65   65   65   65  225  193    1  163    3   35    2    6    6    7  195  128  128  195   61   48   60  116  241  146  132  151  115   65   65   65  113   97   65   65   65   65   99  113   65   65    7    3    7    6    7   71  193  128  128   97  113   48   16   48  112   19  115  241  225   65   65   65  117   99   65   65   65   65   65  227   97   67    3    3    6    6    7    7   99  129  128  241   97  113   49   57  113  130  156  128  128  197   65   65   67   99   65   65    1   65   65   99    3    3  179  179    7    6    6    4    4    4   12   12   24   24   16   16   48  176  160  134  134  134   98    1   65 
  65   65  225  131  135    3    3    3    7    6    4    4    4   15    7    3  131  133  135    3    3    3    3    3   97   65   65   65   97   67   65   65   65   65  225  129    1  131    3    2    6    7   71    3  193  128  192   97    1   97   51   48  227  131  132   20  125   65   65   65  113   97   65   65   65   65   67  193   65   65    3    3    7    7   67   65  193  128  128   65   97  113   56   48   51  134   55  103   35   65    1   65  213   97   65   65   65   65   65   97   97    1  131    3    7    6   67   65   65  129  128  193   65    1   97   32  119  135  156  128  128  193   65   65   81  113   97   65   65   65   65   99  167    3   35   35   18   23   55   22    6    4    4   12   24   24   24   24  184  176   48  179  176  162   83   65    1 
  65   65  117  177  160  151    3    3  135  148   20    4   12   15    7    3  131  128  128  131    3    3    3   35    3   65   65   65   97   97   65   65   65   65  193  193   65   67  195   71    3   83   65    1   65  128  193   97    1   97   96  112  227  227  144  128  125   65   65   65  113   97   65   65   65   65   97  193   65   83  161   39    7  103   97   65  193  128  128   65   65  113   48   57   48  176  180   34   51   65    1    1  201   97   65   65   65   65   65  113  113   65  131    3    3    3   67   65   65  129  128  193   65   65   97   55  183  135  130  128  129  193   65    1   81  113   97   65   65   65   65   97  163    3    7   30   28   16   48   54   23    6   12   12    8   56   56   58  178   51   48  166   62   48  195    1   65 
  65   65  213  176  160  211  131    3   55   39  178  219  111   99    3    3    3  131  128  146   19   39   54   51  115   65   65   65   97   97   65   65   65   65  225  192   65  129  131  131   99   87    1    1    1  129  161   97    1   65   97   96   97  114  147  128  193   65   65   65   81   97   65   65   65   65   99  195   65  115  193   39  103   97   97   65  193  128  128   65   65   97  224  184  144   51   22   19  146   65    1    1  201   97   65   65   65    1   65   17  209   65  163   97   99   65  195   65   65  225  128  193   65   65  115   20  148  134   54  180  183   83   65    1   65  176   97   65   65   65   65   93   24  150   14   28   28   48   48   54    6  134  188   76  110   60   52  178   50   38   63  247  190  176  193   65   65 
  65   97   55  125  221  128  129    3    3    6   18   19   51   55    3    3    3  131  145  144   18   48   48  176  112   65    1   65   97   49   65   65   65   65  225  150   65   81  148  147    7   15  113    1    1  129  128  193   65   65  123   63   47   47   31  156  221   81   65    1  213   65   65   65   65   65   71   78   68  109  205  111  239  127  113   65  241  176  129   65   97  111  127  173  156   30   30   28   28   91    1   65   81   97   65   65   65   65  103   44   94   78   60  118   46   44  127   97   65  225  128  161   65   97   55   12   12   12   13   12   12   31   83   65   67  165   97   65    1   65   97   95   46  148   28   28   28   60   60   44   30  158  159   79  109   62   60  190  156  173   47  190  156  140  223   17   65 
  65   99   62   30   95  142   15   15   14   14   12   29   31   31   31   11    3    3   49   16   16   60  124   44   88  113   97   65  113  113   65   65   65   83  223   30   29   13   12   12   28   28   63  113   97  129  144  241   99  127   28   12   12   12    8   12   28   61  113   97   83   97   65   65   65   71   14   12   12   12   12   12   28   28   61  115   90  188  141   69  103   46   12   12   12   12   12   12   12   60  112   97  113  113   65   65   65    3   15   12   12   12   12   12   12   28   24   24   55  223  156  188  121  103   47   12   12   12   12   12   12   28   48   96   99  100   97   65   65   67   99   14   12   12   12   12   12   12   12   12   12   12   12   12   28   12   12   12   12   12   12   12   12   12   12   61  113 
  67  107   12   12   12   12   12   12   12   28   12   12   12   12   12   14   30  123   62   28   28   28   12   12   12   60  112   97  113   81   67   67   67   15   12   12   12    8    8    8    8   12   28   62  111   14    8   24   31   15   12   12   12   12    8   12   12   60  112   96  115   97   67   67   67   15   12   12   12   12   12   12   28   28   62  126   30   12   12   63   31   14   12   12    8   12   12   12   12   60   56   96  112  113   67    3    3   14   14   12   12   12   12   12   12   24   24   30   14   14   12   12   61   14   14   12   12   12   12   12   12   12   60   32  113  113   97    7   71   67    7   12   12   12   12   12   12   12    8   12   12   12   12   12   12   12   12   12   12   12   12   12   12   12   12   60  113 
   7   15   12   12   12   12    8    8   12   12   12   12   12   28   28   12   28   60   14   12   12   12   12   12   12   60   56   99   87  125   15    3   31   28   12   12   12   12    8    8   12   28   12   14   30   24    8    8    8   12   12   12    8    8   12   28   28  120   96   96  119   97   43   19    3   30   15   79   60  152  140  140  188   28   30   18   28   12   12   28   24   12   12   12    8    8   12   12   28  120  120   96  113  240  223   79    3   63  127   71   60   28  140  138  158   63   28   30   62   60   12   12   12   12   12   12   12   12   12   12   28  127  105   96   96  112  135   15    6    6   14   12   12   12   12   12   12   12   12   12   12   12   12   12   12   12   12   12   12   12   12   12   12   12   24  121  113 
  23   12   12   12   12   12   12   14   15   31   60   28   28   20   24   24   12   28   28   28   12   12   28   28   29  105   32  103    6   12   60   99   83   62   79   71   73   46  140  140  188   56   28   31   30   56   24   28   30   30   28   30   30   30   12   12   28  122   96  113   58   49   49   97   67  115   65   99  173  148  156  206  244   24   16   48   55  158  140  156  152  172  238   14   12    4    4    4   12   45   96   97   97  192  163   65   65  119  117   97   60   12   28   62  190   30   24   16   56   94   28   12   28   28   29   21   28   12   12   12   12   46  112  102  124  112  128  247   69   77  155  156  156   12  156   28   28  156  140   28   30  190   62  156   12   30  158   30   30   62   60   28   28   60  251   65   65 
  87   30   30   12   12  142   30   23    3   23   24   24   24   17   26   58   62   54   61   26   30  156  156   28  221  113   96   99  141  132  245   97   67   87  119   65   71   63   60   60   16   16   16   56  152  176  168  140   30   30   28   28   30   30   14   14   28   50   48  125  152  240  225   65    3  111   77  111   28   12   28   28   24   24   24   52  186  147  157  168   62   30  156   12   28   12   12   12   28   57  112   97  113  224  129    1    7   15   77  109   12   12   12   44   60   28   30   60  191  144  190   60   12   12   12   12   12   30   30   28   12   62   48  110   62  190   30  119   65   67  123  179  156   28  158   54   62  179  176   20   22  147   23   31   15  158  182   30   22   28   30   30   28   60   55  113   96 
  71   31   28   28   28   14   30  158  135   30   28   56  188  208  199  182  178   50   48   51   59   28   12   12   28  112  112   97  193  128  225   99    7   15   77   14   14    8    8   28   28   48   16  176  160  128  177  125   60   12    8    8    8   12    8   12   12   48  112  176  147  149  226   67    7   14   12    4   12   12   12   12   94  119  182  160  128  225  113   56   12   12    8   12   12   12   12   12   12   56   56  226  144  176  163   35    7   14   12   12   12   12   12   12   14   95  197  172  168  128   99   57   61   12   12    8    8   12   12   12   12   28   56   60  174  174   14   19    3    7   30   30   28   28   12   12   28   23   55   52    7  119   55  118   28   12   12   12   12   12   28   28   12   28   28  124  113 
   7   12   12   12   12   12   12    7  133   46   60  146  160  192  228  164  128  178  163   99  113   60   12   12   28   56  120  184  128  128  224  135   14   28   30   12   12   12   28   95   79  229  152  144  128  128  161   49   61   28   12   12   12   12   12   28   24   28  186   50   51   53    2  134  134   28   28   28   28   12   12   44  110   99  103  134  128   98  113  113   28   12   12   12   28   28   12   28   60   30   58  176  128  176  162  131  134  156   28  156  140   28   22   46  111   65  225  136  136  128   99   97  125   60   12  174   63   60  140  156  140   28   63   63   14  134   30   20   55    6   12   12   28   28   12   14  111  103  151  144  158   62   54  113   29   30   28   12   12   12   12   28   28   12   28   28   63 
  12   12   28   28   28   30   15    7  131  167   49  146  128  192  240  176  144  131  131   97   97  113  126   63   63   62   58  154  128  128  128  146  150  182   52   60  156  140  151   83   65  225  132  164  160  128  131   65   17   31  157  143   45   13   11  162  242  178  132    2   48  178   51  129  144  156   62   54  167  132  132   67   65   65  119  150  160  195   65   65  127   30  132  150   30  151  131  130  128  128  144  144  177  177  128  144  128  148  150   16  144  128  128  177   97   65  243  152  152  128   97   65   99  174  142  176   60   30  156  160  180  148  151    7    7  130  152  156  133  181  148  132  156   28  148  179   99   97  179  128  176  182   55   97   65  255  246  174  143   31   62   54   23    7  158  158  134 
 183  151  149  152  156  158  135    2    3   63   55  183  132  132  176   48  179  179  128  225   64   96   36   37  161  178    7  131  128  128  128  144  149  161  113   49   60  168  154   91    1  119  142  142  144  144  193   65   65   63  141  159   61   28   28  156  190   55  132  129  130  142  142  176   48   60   60   60  172  156  156   71   65   83  183  158   46  247   65   97   62   30   30    4   30   31  149  180  159  159   30  150  135  130  150   22  156  140   30   28   28  156   28   61  125   89  125   28  156  140   95   71  127   30   12   12   28   12   28   28   28   29   54    4  134  128  128  128    4  141  132  156  158   63   20   29  103   97   55  119   54   55   23   97   65  230  151   63   10   62   62   47   23   19  146  158    4 
 176   21  143  134  156  152  140   15    3    3   31   63   28   12   12   44   63  191  142  110   98  126   62  142  140  142    6  134  128  144  144  160  191   30   12   28   30   28   28   61   49   29   12   12   12   12   15   79   94   14   12   12   12   12   12   12   12   30    7  147  146  174  174  190  112   60   28   12   12   12   12   60   52   60   12   12   12   28   31   55   14   12   12   12   28   12   12   12   12   12    4  135  134  130  148  113  120   60   12   12   12   12   12   12   28   28   28   12   12   12   12   30   30   12   12   12   12   12   12   12   14   15    7   63  162  132  134  128  208  240   60   28   28   28   12   12   61   61   60   14   30   28   12   31   23   30   12   12   12   14   14   46   12   12   14    6    6 
  48   60   28   12   12   12   12   12   62   60   28   12   12   12   12   12   12   12   12   30   30   12   12   12   12   14    7  131  130  225    3  199  113  120   60   12   12   12   12   28   20   28   12   12   12    8   12   24   30   12   12   12   12   12   12   12   12   14    3  115  176  160  160  236  115  113   52   12    8   12   12   12    4   12   12   12   12   12   12   12   12   12   12   12   12    8   12   12   12   14    7  115  178  130  163   97   97  101   44   12   12   12   12   12   28   36   60   12   12   12   14   27   31   12   12   12   12   12   12   12   78   67   67  127  190  148   22  183  119   97  113  116   12   12   12   12   12    4    4   12   12    4   12   12    8   12   12   12   12   12   12   12   12   12   12    6    7 
  97  112   60   12   12    8    8    8    8   12   12   12   12   12   12   12    8    8   12   28   24   12   12   12   30   31   67   99  162  178   54  103   97   97  125   12   12   12   12   12   28   28   12   12   12   12   30   57   61   12   12   12   12   12   12   12   15   71   67   67  161  128  128  224   97   97  101   44   12   12   12   12   53   63   14   12   12   60  127   95   28   12   12   12   12   12   12   12   12   79   67  115  178  130  162   65    1   97  253  156   60   30   30   54  127   99   63   28   12   62   63   98  126   46  174  158   28   30  142  143  199   65   65  229  191   53  116   96   51   65   97  101   60   12   12   12   12   28   55   46   30   28   28   63   43   14   12   12   12   12   12   12   12   12   14   71   67 
  97   97  125   12   28  156  142   12   12   12   63   63    7   46   12   12   28   28   44  111  127  220  140  140  239   67   65   97  224  158   22  167   97   65  113   60  190  188   12   28   58   62   12   28   28   12   95   67  119   58  120   60   30   14  142  140  207   65   65   33  224  128  128  128   65   65   65  245   60   28   12   28   54   62   28   28   14   54   98  119   62   46  134  183   57   62   14  151  241   65   65   35  163  160   49   65    1   65  225  113   62   22   55   63   62   63   63   60   62   54   51   51   62    7   55   58   52    6    6  131  129    1   65  211  163  167   52   51   35   65   65   81   93   28   12   28   28   28   30   30   31   12   12   62   54   30   12   12   36   30   12   12   12   12  111   65   65 
  65   65   65  128  128  128  176   62   63   30   31   27   30   54   61   12   12   60   62   38  115  193  128  128  225   65   65   67  147  174   38  225   65   65   65  180  240  113  124   23   59   56   15   55   61   15  119  119    3   50  112   48   22   71  195  128  193   65   65  117  224  128  160   35   65   65   65  225   97   56   14   31   16   95  127   63  111  115    2   31   51   50   66   35   49   54    6   67   33   65   65   99  160  160  189   97    1   65   97   97  117   86   99   62   30  119  127   63   63   63   23   23   55    3   35   51   55   54   39  227  193    1   65   79  143  166  150  240  102   65   65   19   28   30   46  118  118   62   30   31   29   24   28   12    4   20   22   30    6   38   31   28   15   31   14   67   65 
