1
0 1
OK
0
5 181 75 13575 0

  65   65   26   30   14   12    4    4  109  112   60    6    7  126   12    4    6   30   28   12   12   12    4    4   12    4   12    4   12   12   12   12   12   12   12   12  116   16   30    7   71    4   12   12   12   12    4   12   12   12    4    4    4   12   12   12   12   12   12    4   12   12   28   12   12   12    4   12   12   12   12   12   12   12   12    4   12   12    4   12   12   12    4    4    4    4    4    4   12   12   12   12   12   12   12   12   12   12   12   12   12   12   28   28   12    4   12   12   12   12   12   12   12   12   12   12   62  115  115  115   63   12   12   12   12   12    4   12   12   12   12   12   12    4    4    4    4    4   12   12   12   12   12   12    4    4   12   12   12    4   12   12    4    4   12   12   12   12   12    4    4    4    4   12    4    4   12   12   12   12   12    4    4    6  134  134  132  128  144  150  150 
 103   45   30   14   14   12  140  140  125  113  117   35   99  159  140  140  142   14  158  156  156  140  134  135  180   62   28   28   30   30  156   12  140    4    4   14  115   50  115   35  103   12    4   12   12   12    4    4    4   12  140  142   22   12   12  156   28  140   12   12   12   45   56   60    6   39   60   12   12   12   12   12   12   12   12   12   12    4   28   28   12   12   12   12   28   60  102  102   60   28   30   14   28   12   12   12   12   12   12   12   12   12   30   30   14   12   12   12   12   12   12   12    4   12   12    4    7    3   51   96   60   12   12    4    4    4    4   12   12   12    4   12   12   12    4   12   12   12   12   12   12   12   12   12   12   12   12   12   12    4   12   12   12   12   12   12   12   12   12   12   12   12   12   12   12   12   12   12   12   12   12   12   12    4    4    4    4    4   12    4    4 
  79   12   12   12   12   12   12    4   52   48  124  127   55   12   12   12   12   12   12   12   12   12   12   12   31   28   28   12   12   12   12   12   12   12   12   12   79    6   60   48  108   12  132  140  140   28   28   12   12   12  134  166   28   28   28   12  140   12  156   28   14  123   49   63   39   99  125   14  140   12   12   12  142  140  156   28   12   12   12   12   12   12   12   12   24   48   96   96  112   48   22    7  147  130  130  132  140  140  132  132  132  199   67   67    7   12   12    4    4    4   12   12   28   30   46   28   29   21   53   48  125   12   12   12   12    4   12   12   12    4    4   12   12   12   12   12   12   12   12   28   28   12   12   12   12   12   12   12   12   12   12   12   12   12   12   12   12   12   12   12   12   12   12   12   12   12   12   12    4    4    4    4    4    4   12    8   12   12   12    4   12 
  79   14   12   12   12  108   46   60   28   46   30   30   63   14   60   28   28   12   12   12   12   12   12   15  119  112   60   12   12   12   12   12   12   12   12   12   12   12   28   28    4   12   12   12   12    4   12   12   12   15   71   99   56   60   28    4    4    4    4   12   12   95    2   18   48  125   46   28  140  140   12   14  142  140  156  156  156  158   30   12   12  142  142   28  124  115   97   96   99   38   62  115  195  128  128  128  128  128  128  132  134  227   96   96   71   28  156  134  158   28  132  132   28  158   99   48   62   23   51   48   28   28   12   28  156  132  156   28    4    4    4   12   12   14   14   28   28    4   14   62   56   30    6   31   28   12   12   12   12   12   12   12   12   12   12   12   12   12   12   12   12   12   12   12   12   12    4    4   28   12   12   12   12   12   28   28   28   12   12   12   12 
  65   65  183  134  127   32   99   57   23  103  103   22   22   67  117   28   51   53   31  109   60  140  173  103   99  113  125   31   28   60  110   62   63   60   14   62   62   30   30   14   60   63   15   12   12   12   12   12   14   15  103   96   48  112   52   12   12   12    4    4    4   12   15   62   60   28   12   12   12   12   12   12    4    4    4    4    7   55   56   28   12   12   12   12   28   58   56  108    7   14   28  120   76   28   12   12  140  188   12  140   30   55   99  113  124   30   60  172   28   30  140  140  140   31  119   35  118   51   55   60  140  142  142  140  140  140  156  156  132  140  148  152   30    6   14  158  156  132  135   99   51   54   38   99   28   28    4  132  134    4   12  158   20  132    4   12  140  156  156  140  132  132  140  140  140   28  172   52   28   30   30   60   28  140  156  178  130  128  132  132  140 
  97    1  135  128   97   99   99   65   99   99  127  126  115   65  101  117   99  113  115  241  176  128  225   64   64   65   65  195  160  176  240   96  115   53    7  103  119   39   99  109   48   55   39  115   71   13  140  140  207   67   97   97   97   65  223  134  156  205  124  119  127   28   14   60   28   60   61   60   54   46   62   14   13   12   12   12    7  103   48   48   12   12   12   12   12   28   20   14   12   12   28   12   12   12    4    4   12   12   12    4    4    6    3   51   48   60   12   12   12   12   12   12   12   12   15   15   62   54   60   12   12    4   12   12   12   12   12   12   12  174  184   60   12   12   12   12   12   12   12   79    7   22   48  117   28   28   14  134  158   30   14   30   28  140  142  158  152  140  140  140  140  140  140  140  140  140  237  112   60   15   67   95   28   12  148  150  134  156  152  128  128 
  97   97  157  156  103    6   98  103  117  119  115  118  119  113  100  117   51   39  119  127  144  128  225   64   64   65   65  192  128  130  243   67   99   65   51   99  119  119   99   99   54   63   99   99   67   35  224  128  193   65   65   65   65   65  225  160  130  242   96   97   81  127  103  117   62   62  127   48   54    2   55   71  117   60  180  117   65   97   97   65  126   14   12  172  124  127  115   30   46   60   28   30  126   60   62   55   63   15   12   20   28   30  127   99  112  112   60   63   60   22   22   62   14   30   38   60   12   14   28   12   12   12   12   12   12   12   12   12    6  102   96  120  124   12   12   12    4    4   12   12   14   30   60   28    4   12   12    4    4    4    4    4    4   12   12   60   48   60   12    4    4    4    4    4   12   12  109  103  103  127   67  108   12   12   12   28   28   28  156  140  140 
 117   60   12   12   12   14   46   47   28   28   92   86   54  125   47   62   31   23   54   45  141  140  174   65   65   65   67  109  140  142   63   39  103   95   61   54   55   50   99   99  115  119  119  103    1  103  188  184  225   64   65   65   65   65  121  164  134  211   35   99   99   97   99  114   50   50  103  119   62   11  115   97  225  176  160   97   65   65   64   65  226  174  140  160   97   97  113   18   99  125   61   31  123   16   22    6   63   59   21   16   24   24  113   96   65   65   97   99  117   55  119  124   34  119  103  117   94   79   31   30   63   61   28   62   62   60   14   70   71   65   96   97  113  126  126   60   31   55   54   30   15   61   12   70   94   28   14   62   28   28   14   30   28   14   14   38  112  112   60   54   28   28   28   28   12   12   36   95    6  124  126   12    4   12   12   12   12   12   12   12   12 
 119   62   12   12   12   12   12   12   12    4    4    4    4    4   12   12   12    4    4   12   12   12   24   56  113   67   14   12   12   12   12   39   39   28   28   28   52   38   38  125   95   52  117  125  109  109   28   60  109   97   97   97   67   71   95  108  140  158   15  102  103   47  110  126  118   54   96  111   46   55  119  113  245  150  198   71   65   65   65   97   35  162  176   59   35  115   71  102   51   49   31   33   99  112   63   15  127  120   16   16   24  121   81   65   65   65   99   99   97   33   98  119  112   97   65   65  115   65   99  127   71   15   20   51   49   55  119   99   65   65   64   64   97   33   49   54  127  119  119   55  111  113  127  127   95   30   63   54   62   28   63   55   60   14  103  101   64   65   96  115   16   28   83   60   28   30   71  120   60   14   30   14    6   31   62   60   47   63   12    6    7 
 103   63   12   12   12    4   44   52   28   12    4   12   12   47   60   28   12   12   12   12   12   12   28   24   54    6    6    4   12   12   12    4    4    4   12   14    4    4   12   12   28   28    4   12   12   12    4    4   28  113   97   71   71    6   12    4   12   12   12    4   12   12   12   12   30   28   92   15   14   62   30   60   76   12   12   93   81   65   71   71   31  142  181   63   30  119    7    6   54   52  115   51  101  127   63   55   51   32   60   56  154   97   65   65   65   97    7   51   51   63   54   30  121   97   97   68   63  117  112   96   99   95   30  103   51   51   99  112   65   65   64   64   99  103   97  119  103  119   49  115   98   65   83   83   99  102  124   50    6   30    3   49   54   55  113   64   64   97   35   99  101   53   99  113   62   55   67   97  127  119   99   30  127   22   62   58  111   97   63   62   99 
  65    3  156  252  121   56   24   48   56   28   12    4   79   79  113  117   79   15   14   12   12   12   28   62   30   14   12   12   12   12    4   12   28   20   20   14   12   12   12   28   28   28   12   12   12   12    4   12   24   24  240   71    7    4    4    4    4    4    4   20   28   30   12   12   12   12   28   12   12   12   12   12   12   12   12   28   52  119   71    6    4   12   12   12   12    4   12   28   28   12   12   28   29   15   12   54   54   54   28   12   12   63  125   65   71   71    7   22   22   30   12   12   63   63  119  119   28  124   62   54  119   70    6   62   63   61  125  127   65   65   65   66  110   38  111   30   14  126  127   47  126   97   71  103  113   50   50   54   22   30   55   51   87   34   98   64   64   67   35  103  115   55    6   51   54   55  113   96  118  119  113   96  115   81  123   58   99   33   63   63   96 
  65   97  226  161   48   48   16   54   62  190  132  140   97   65   65   65   97  227  179  144  144  146  150  134  184  150  142  166  134  140  164  188   56   16   22   46   60   28   28   69   51   55  124  124   28  140  156   28  156  148  144  150  158  140  140  140   30  156   60   20   16   30   12   12   12   14   95  125   12   12   12   12   12   12   12   28   24   23    6    4    4    4    4    4    4    4   46   63   28   12   12   12   28   28   28   28   12   12    4    4   12   28   60   39    7    6    4    4    4   12   12    4    4   12   12    4    4    4    4    4    4   12   12   28   30   12   12   45  127   99   71    6    6    4   12   12   12   12    6   12   60   36   12    4   52   62   62    6   12   12   31   31   12   30  127   77   67  103   14   30   22   22    6   62   38   62  116   79    6   54   48   52   54   22   30   30   53   55   62   63  115 
  65   99  126   49   48   48   48   51   99  160  128  160   97   65   65   65   33   96  160  128  128  128  128  128  128  128  128  128  128  148  180   16   48   48   54   39  181  156  217   67    3    3   38  240  144  128  128  144  144  128  128  128  128  128  128  160   34  144   48   16   48   63   28   28  156  127   71  101   37  165  132  140  140  156   28  156  156  156   45  140  140  172  172  156   60   52   36   36    4   12   12   12   31   63  124  124   60   12    4   12   12   28   56   54   14   12   12   12    4    4   12   28   20   30   12   12   12   14   15    5    4    4    4    4   12    4   12   28   24   99    6    4    4    4    4    4    4    4   44   46   12   12   12   12   28   12   12   12   12   12   12   12   12   12   60  126   71    7    4    4    4    4    4    4    4    4   12    4    4    4   20   20   52    4   30   12   60   53   12   30  125 
  97  115   48   16   48  116   32  115   97  161  128  161   99   65   65   65  161  192  192  128  128  128  128  128  128  128  128  128  160   17   16   16   48   48   83   97  144   19   67   97   99   99  227  128  128  128  128  128  128  128  128  128  128  128  128  162   48   48   48   48   59  127  221  152  128   97   65   65  163  160  128  128  128  144  152  136  128  128  129  128  128  160  225  243   48   48   48  121   15   28   28   46   71   99   96   96  165  156  148  156  140  156  170  166  140  140  140  140  155   59   52   48   48   63   12   12   12   15    3   61   60   12   12   12   12    4   12   60  188  188   28   20   28   12   12   12   44   52   60   22   14   12   12   12   27   29   12   12   12    4   12   12    4   12   24   22    6   12   12    4    4    4    4   12   28   52   62    4    4    4   12   14   12    4    4    4    4    4   12   12   28 
 113  112   48   17  113  119   99  103   97  161  128  161  113   65   65   65  225  128  128  128  128  128  128  128  128  128  128  176  176   48   16  112   32  119   81   97  144  176  225   97   96   97  193  128  128  128  128  128  128  128  128  128  128  128  156   55   16   48   48   48   83   67  192  128  128   65   97   97  227  128  128  128  128  128  128  128  128  128  128  128  128  225   56   48   48   48   58  127  161  131  130  227   97   97   32   96  240  160  160  128  128  128  128  128  128  128  128  128  161   49   48   48   48   62  142  156  158  107    1   91  187  144  144  148  156  156  140  140  140  128  128  160  176  144  140  184   20   48   48  124   76   12   28   14   11    1  213  140   62   22  156  191   55   62   56   63  183  156  140  140  156   28   28   60   60   48   54   14   12    4   12   15   15   12   12   12    4    4   12    8   24 
  97  112   48   51   97   99    7  103  113  160  128  129   65   65   64   96  224  128  128  128  128  128  128  128  128  128  240   48   48   48  118   97   99   39   53  227  128  128  225   97   96   97  225  128  128  128  128  128  128  128  128  128  128  160   48   16   48  112   97  115   83   97  224  128  128   65   97   97  224  128  128  128  128  128  128  128  128  128  128  128  176  241   48   48  112  112   31    7  129  128  128  193   96   96   32   99  147  160  160  128  128  128  128  128  128  128  128  176   48   16   48   48   17   83  195  128  129   97   65   65  225  128  128  128  152  152  128  128  128  128  128  128  128  128  176   48   48   48   48   51   47  175  156  255   67   65  193  128  176  160  128  179    3   54   16   48  176  128  128  128  128  179   51   48   48  112  109   77   12   12   15   71   65  249  172  164  132  140  140  140  140 
  97   96   51  161   97   65   71  151  188  128  128  129   65   65   64   97  160  128  128  128  128  128  128  128  144  176   48   48   48   52  100   65    7    6   53  241  128  128  225   65   64   97  160  128  128  128  128  128  128  128  128  136  144   48   48   52  116   97   67   71  117  113  160  128  128  129   65   65  193  128  128  128  128  128  128  128  128  128  128  160   48   48   48  112   99  115  127   65  193  128  128  193   97   96   33   97  227  128  128  128  128  128  128  128  128  128  144   48   16   48  112  112  119   81  225  128  161   97   64   65  224  128  128  128  128  128  128  128  128  128  128  128  128  176  176   48   48   48   16   59  131  131  128  224   65   65  193  128  128  128  128  144  148  156   63  179  128  128  128  128  168  176   48   48   48   48   51   35  160  128  243   97   64  225  160  160  128  128  128  128  128 
  65   65   99   33   96   96   65  131  128  128  128  129   65   65   65   67  130  128  128  128  128  128  128  160  224  112   48  176   96  160  224   64   67   71   70  194  128  128  129   65   65   67  163  160  128  128  128  128  128  128  128  176   48   16   48   43   97   97   99   39  118  118  162  128  128   97   65  227  128  128  128  128  128  128  128  128  128  128  176  176   48   48   50   98   99    3  100  117  192  128  128  225   65   96  113   33  160  128  128  128  128  128  128  128  128  176   48   48   48   96   99  119   71  117  161  128  160  225   65   65  192  128  128  128  128  128  128  128  128  128  128  128  176  176   48  112   97   97   53   17  131  128  128  193   65   65  193  128  128  128  128  128  128  128  179  178  128  128  128  144  176   48   48  112  112   49   19   33  160  131   99   97   64  224  128  128  128  128  128  128  128 
  65   65  113   96   97   97  193  131  128  128  128  193   65   65   65   65  131  128  128  128  128  128  128  160  225   97  113  147  131  128  224   97   65   65   65  224  128  128  193   65    1    3  163  160  128  128  128  128  128  128  128  225  112   53  253   97  224   65   65   67   99  226  160  128  128  193    1   67  224  128  128  128  128  128  128  128  128  224   48   48   48  125   48   96   99    7    6  183  224  128  129   97   65   97  240  160  192  128  128  128  128  128  128  160  176   48   48  120   56   32   67    7    4  125  225  128  148  197    1   97  128  128  128  128  128  128  128  128  128  128  128  176   48   48   56   96   99    7   38  117   35  128  128  193   97   65  129  128  128  128  128  128  128  128  128  128  128  128  161  176   48   48  113   99  119  127   65  225  128  195   99   64   65  224  128  128  128  128  128  128  128 
  65   65  225  225   65    1   97  225  128  128  128  240   65   97   97   65  131  128  128  128  128  128  128  131  227   65   97  163  131  128   97   97  193   65   65  160  128  128  129   99   65   97  130  131    1  131  128  128  128  128  160  225   65  115   97   99   96   97    1   67   97   99  131  128  128  225    1   65  225  128  128  128  128  128  128  128  128  192  113  113   49   97   97   97   67    3   67  199  132  128  225   33   65   97  225  129    1  129  128  128  128  128  128  224  112   48   53   51   97   97   99    7   71   93  128  128  180   97    1   65  128  128  128  128  128  128  128  128  128  128  224   48   48   52  127   97   99    7    6   54  245  128  128  193    1    1  161  128  128  128  128  128  128  128  128  128  128  176  176   48   48   48  112    7    7    4  125  227  128  195   99   64   65  193  128  128  128  128  128  128  144 
  65   65  195  193   65   65   97  161  128  128  128  241   65   97   96   99  131  128  128  128  128  128  128  163   35   65   97  161  128  128   33   97  129  193   65  129  128  128  129   97   97   97  128  163   33  131  128  128  128  128  161   97   65  224  160  163   33   97   97   99   64   65  129  128  128  225   65   65  163  128  128  128  128  128  128  128  128  193   65  113  113  225   97   97   65    1   65  196  132  128  224   97   65   97  227  177   49  161  128  128  128  128  128  225   97   97   39   99   65   97   99    3   65  209  128  128  224   97    1    1  193  128  128  128  128  128  128  128  128  128  113   32  114  247  227   96   97    3    3   67  195  128  128  129    1    1  225  128  128  128  128  128  128  128  128  128  160   48   48   48   35   96   96  103  103  101   61  179  128  128  225   65   65  193  128  128  128  128  128  224   48 
  65   65  227  192  193   65  193  129  128  128  128  193   65   65   97   71  131  129  131  130  128  128  128  160  225   65   65  225  160  224  161   33   33   99   65  131  128  128  131   97   97   97  128  162  162  128  128  128  128  128  129   65   65  193  131  163   33  161   97   97   65  103  128  128  128  225   64   65  129  128  128  128  128  128  128  128  128  193   65   97  225  224   64  195   65    1   65  193  128  128  160   97   64   97   33   48  176  160  128  128  128  128  128  193   65   97   99   99   64   64  193   65   65   65  193  128  128   97   65   65  193  128  128  128  128  128  128  128  128  128   97   97   99  224  224   96   97   67   67   65  225  128  128  129    1    1  129  128  128  128  128  128  128  128  128  128  224  112   48   96  102   97   97   99   99   96  225  161  128  128  193    1   65  225  128  128  128  128  128  161   48 
  65   65  225  193  192   64   97  163  131  130  128  193  113   83    7   31    7   71    7  131  128  128  128  128  193   65   65   97   96   96  160  163   33   35   65  131  128  128  130   97   67  239  142  134  130  128  128  128  128  128  128  193   65  201  131   99   99   35   97   33   65  231  128  128  128   97   65   97   35  163  128  128  128  128  128  128  128  193   65   65  193  193   65  193    1    1   65  225  128  128  161   97   64   65  225  224  160  128  128  128  128  128  128  193   65   97  160  224   65   65  193   65   65   65  193  128  128   97   64   65  193  128  128  160  128  128  128  128  128  128   65   65   96  225  192   64   65   65   65   65  163  128  128  129   65    1  193  128  128  128  128  128  128  128  128  128  193   97  113   32  160   97   97   67   67   65   65  227  128  128  225   97   65  129  128  128  128  128  161   97   96 
  65   65   67   65  193   64   96   34   99  163  128  195  113  119    7    7    7   67  131  128  128  128  128  128  209   65   65  193  193   65  193  131  193   97   65  129  128  130  147   67   87    7    6   67   67  131  128  128  128  128  128  224   65  201  225    3    3   65   97   33   65  227  132  128  161   97   65   71   54  151  128  128  128  128  128  128  128  193   65   65  193  225   97  193   65   65   65   99  131  128  193   65   64   65  141  128  128  128  128  128  128  128  128  193   65  193  131  195   65  129  129    1    1   99  160  128  129   65   64   97  225  128  160  160  128  128  128  128  128  160   65   65   96  224  193   65   65    1   65   65  163  128  128  128   97   65  225  128  148  148  128  128  128  128  128  128  225   65  225   97   97  163   97   97    1   65   65   97  128  128   97   97   64  129  128  128  128  128  225   97   97 
  65   65  193    1   65   65  225  224   96  160  128  131   65  117   71  103   99   97  129  128  128  128  128  128  241   65   65  129  193    1    1    1   65   65    1  131  128  130  243   87   20    6    3   67   99  161  128  128  128  128  128   97   65  193  160  161  193   65    1   65   67    3  130  128  129  195    7    7    7    7  128  128  128  128  128  128  128  193   65   65   65   99   97  195   65   65   65  129  129  128  193   97   67   71   15  133  128  128  128  128  128  128  128  193   65  193  131  131    1  193  129  161   97   67  161  128  129   65   64  104  162  128  128  128  128  128  128  128  128   35   65   65  225  192  129    1    1    1    1    1  161  128  128  160   65   64  224  128  240  115  193  128  128  128  128  128  224   64  193  160  160  131   33   97   65    1   97  161  128  129   65   65   65  131  128  128  128  128  225   67    3 
  65   97  227   65   67    1  131  195   65  128  128  225   97   65   91   48   48  112  225  160  128  128  128  128  193   65   65  129    3  129  129    1   65  193   65  131  128  128  241   65   65   55  115  115   97  225  128  128  128  128  160   97   65  193  131  131  193  193   65    1   65   67  194  128  129  227   29    7   71   67  160  128  128  128  128  128  128  192   65   97   99   67    1   65   64   65    1    1  129  128  193   97    7    7    6  131  131  129  128  128  128  128  128  193   65   65  160  160   65  193  129  160  161    1  131  128  225   97   71   71  134  146  145  128  128  128  128  128  128  130   65   65  193  128  128   65    1    1   67   65  113  128  128  225   65   67  214  156  244  115  225  128  128  128  128  128  193   64   65  129  129  160   32   99   65   65   97  161  128  129   65   65   65  128  128  128  128  128  128  195    3 
  65   97   99    1    3    1    3   67   65  129  128  225   97   97   48   48   48  112   96  160  128  128  128  128  193   65   65  193  131    1    3   65    1   65   65  192  128  131  119   99   95   16   48   48  115  193  128  128  128  128  163  225   65  193  131    1    1    1    1    1   65   65  193  128  225   97   19   27   48   97  184  176  128  128  128  128  130   83   65   97  225   65    1   65   65   97   97   97  129  128  129  115   31    7   71   67   99  131  128  128  128  128  128  224   64   65  161  162  193   65  129  224   97   97  193  128  161   97   23    7    7    3  145  128  128  128  128  128  128  128   65   65  193  131    3  129  129  193  193   64  241  128  128  225   67   71    6    7  151  144  128  128  128  128  128  128  193   64  193  161  161  161  161  129   65   64  113  130  128  128   96   65   71  134  128  128  128  128  128  131    3 
  65   65   67    3    3    3    3   71    3  131  128  225   65   96   48   49   56   48  112  176  128  128  128  128  193   65   65  193  129    1    3    1    3   65   65  193  128  130   99   98  112   48   48   56   96  192  128  128  128  128  131   67   65  193  131    3    1    1    1    1    1   65  193  128  160   97   55   16   48  114  120   48  128  128  128  128  130  211   64   96  227  195    1    3    3    3   97   97  193  128  128   67  115   59  112   97   51  131  128  128  128  128  128  227   65   65    1  131  193   65  129  225   97   96  225  128  193   97   75   55   51  115  193  128  128  128  128  128  128  128   65   65  193  131  129    1   33   97   96   96  163  128  128  129  167   60    7    3  133  128  128  128  128  128  128  128  193   64  192  160  161    3  131  131   65   64   99  131  128  130  227   71   71    6  131  130  128  128  128  128  131 
  97   65   67    3    3    3    7    7    7  143  152  177  113   97  113  113   48  176  176  176  128  128  128  128  193   65   65  131  129    1    3    3    3    3    1  129  128  130   99   97   97   97  112   48  176  128  128  128  128  128  128  195   65  193  128  131    3    1    3    3    1   65  193  128  224   97  112   50   56  112  240  176  128  128  128  128  160   97   64  192  131  131  129  131    3    3    1   65  193  128  144  115   59   16   48   63  184  128  128  128  128  128  128  195   65   65  129  227   33    1    1    1   67   99  160  128  129   17   51   20   48  112  193  128  128  128  128  128  128  192   65   65    1  131  195  129   97   97   97   97    3  129  128  136  167  117  115  113  231  128  128  128  128  128  128  128  193   64  193  130  195   65  129  131   65   64   97  225  128  130   99   39   15    3   51  226  128  128  128  128  128 
  97   65  115    3    2    2    6    6    2   14   14   56   49  112  113  113   96  176  128  128  128  128  128  128  193   65   97  227  129  131    3    3    2    3    3    3  139  138  127   97   96   97   48  176  160  128  128  128  128  128  128  193   65  193  131    3    3    3    7    7    3    1  193  128  227   99   96  115   48  176  160  128  128  128  128  128  128  192   64  193  128  131  131  131    3    3   67   65  193  128  176  113  112   50   52   55  178  128  128  128  128  128  128  193    1   65  129  225   33    3    3    1   67    3  131  128  128  113  112  112  113  241  144  128  128  128  128  128  128  192   65   65  193  131   67    1    3   67   67   67   97  161  128  208  116   48   48   48  249  128  128  128  128  128  128  128  193   65  193  131    3  131    1   67   65   64   97  225  128  160   53   23   55  113  115   97  131  128  128  128  128 
  65   65  243  130  131    7    7    7    7   47   56   16   48   48   60   48   96  160  128  128  128  128  128  128  192   65   97  225  128  128  130  134    7    3    6    6   12   28   20   48  112   97  240  176  128  128  128  128  128  128  128  193   65  193  131  129    3    3    6    6    3    3  143   14   61  121  112  112  240  144  128  128  128  128  128  128  128  193   64  193  131  131  130    3    3    7    3    1  223  188  175   97   64  115   48   48  176  128  128  128  128  128  128  193   65   65    3  129    1    3    2    3    3   67  193  128  176  113   97   98   96   96  144  128  128  128  128  128  128  129   65   64   67  131  129    3    3    3    3    1   97  160  128  225   97  112   56  124  184  128  128  128  128  128  128  128  193   65   67  131  131  131  129   67   67   65   97  225  128  128  176   48   48   48   49   97  161  160  128  128  128 
  65   65  225  128  130    2  134    6   54   54   48   60   22   23   57   48  176  160  128  128  128  128  128  128  193   65   65   97  128  128  128  128  130    6    6   38   60   20   20   30   60  113  225  128  128  128  128  128  128  128  128  193   65  193  128  128  130  130  130    6    3    6    4   28   16   48   48  225  192  128  128  128  128  128  128  128  128  193   65  193  131  131  128  131    3    6    7    7   30   28   60  121  120  115  176  176  128  128  128  128  128  128  128  192   65   97  163  131    1    3    7    3    3    3  143  134   62  125   97   99  180  160  128  128  128  128  128  128  128  163   65   65  193  131  131    3    3    3    3    3   99  230  164  241   65   96  125   48   32  128  128  128  128  128  128  128  192   64   67    3    3    3    3    3   67   65   97  224  128  224  227  112  116   52   52  176  160  160  128  128  128 
  65   65  177  128  194  194  150   23   59   48  112   52    7   99   39   56  184  128  128  128  128  128  128  128  192   65  115  161  128  128  128  128  128  150   31   51  113   61    7    7   55  112  240  128  128  128  128  128  128  128  144  225   65  209  144  128  130  130  128  128  135   23   23   16   16   57  159  144  128  128  128  128  128  128  128  128  128  225   65  193  128  128  128  130  134  135    3    7   28   28   24   56  120   96  176  128  128  128  128  128  128  128  128  224   65   97  163  131    3  131    7    7    7    7   15   28   28   24   48  113  130  128  128  128  128  128  128  128  128  163   65   65  192  131    3    3    7    6    3    7    6    6   30   63  113   97   48  176  160  128  128  128  128  128  128  129  193   64  195  131  131    3    3    7    7    3   47  231  136  168   99   65  119   48  176  128  128  128  128  128  128 
  65  103  143   14   29  157  159   16   16   85   99   50   51  105   95   63  156  140  140  140  188   60  140  156  207   97  119  167  140  140  152  144  132  148   18   16   19  103   51  115  117   54  178  160  160  144  144  128  160  176  176   97   65   89  156   54  128  128  128  128  146   27   16   48   50  177  128  128  128  144  156  142  130  148  150  134  128  193   65  193  128  128  128  128  128  131  135   53   20   16   16  252  185   35  160  128  128  128  128  128  128  128  128  225   64   99  131  131  131  128  130  130    6   54   31   28   16   30   62  241  128  128  128  128  128  128  128  128  128  129   65   65  224  129  129  131  135  134  134    6    6   22   28   28   56  113   97  161  128  128  128  128  128  128  128  129  193   64  192  128  131  130    6    6    7    7   15    6   12   60  127  113  115  144  144  128  128  128  128  128  128 
  65  117   28   12   12   28   59   61   61   31   31   30   62   46   12   12   12   12   12   12   12   12   12   15  103   96   54   14    4   12   12   12   20   55   55   20   23    6   16  124   76   12   12   28   20   20   12   12   44   52  173  113  113   95   28   30  136  140  140   12   54   20   20   28   28   28   28   12  140  156   28   30  158   28   28  140  199  225   96  236  164  141  141  141  141  140  156   50   16   24   56  232  140  142  140  140  140  136  136  152  144  144  128  131   65   97  177  176  176  144  128  128  242  114   23   16  144  147  131  129  128  128  128  128  128  128  128  128  144   19   65   65  181  144  144  177  163  128  135  231  116   20   16   56   24  248  225  129  128  128  128  128  128  128  128  128  193   64  241  176  128  130  130  131  159   31    7   54   20   28   60   56  112  144  144  128  128  128  128  128  128 
  67   83  126  125   77  124  126   30   30   15   79   63   63   14   14   63   62   30   12   47   60   30    6    7   99   32   99    7   12   12   12   28   28   16   28   12   14   62   60   28   12   12   12   12   12   12   12   12    4    6   39   32  116   22   14   12   12   12   28   20   24   62   12   12   12   12   12   12   12   12   12   12   12   12   12   15   55   48   60   46    6   12   12   12   12   28   22   22   28   28    4    4   12   12   12   12   12   12   12   12   12   14  158  155   17   63   62   30   14   12   12   12   47   51   20   60  188  141   15   47  174  140  140  140  140  140  140  142  180   62  121  113   62   28  158  188  172  142  142  245  112   48   16  188  136  136  136  140  140  156  156  140  148  156  140  141  205   65  241  176  182  144  128  130   18  183   23   52   48   56   30  156  144  128  128  128  128  128  128  128  128 
 111   99   97  113   98   99  127   62   23   99   66   50    2   15   31   55   38   30   43  111  113   54   38   97   97   97   67   39  103   35  119   53   53   30   30  111  110  126   55   31   14   39   63   30   10  110  124   28    7   71   99   97   97   55   15   47  103   13  125  116  127   47   44   62  127  111   63   31   60   30   31   28   12   31  101   71   99  112  125  102  103   44   28   28   15   31   16   30   12   12   20   30   14   30   30   12   12   12   12   12   12   15  103   48  116   22   14   12   12   12   12   28   63   31   30   12   12   12   12   12   12   12   12   12    4    4   14   14   54  120  124   54   14   12   12   12   12   12   28   63   63   54    4    4   12   12   12   12   12   28   28   12   12   28   28   12   60   52   62   14   28   28  140  140   12  142   23   16   52   44   28  156  140  140  140  140  158  158  140  132  128 
  97   99  103   81   67   67  115   39   35   97   99   55   54   99  115  115   35   35   35   97   97  123  107   97   65   65   65  103   99   67   65   97  113  122   98   99   99  119  119   99  119   19    2   51   63   99  117   54   71   65   65   65   64   79  111   97   35  117  101  113  119   99   97   55  119  103   39    2  117  119   55   22   52   55  103   65   65   65   65  103  126   46   22   30   63   51  115   54    7  125  125   31   34   55   19   63   22   71  207  140   78   71   97   96  117  103  111   12   12   12   12  124  126   30   79  124   12   31   28   12   15   12   12   12   12   12   14    6  118  112  125  126   70  100   12   44   62   62   31   24   62   60   12   30   28    4   14   12   12   12   12   12   79   89   48   44   60   54    6   14   12   12   12   12   12   54   58   30   12   12   12    4    4    4    4   12   12   12   14  135  128 
  51   55  119  103   97   15   58   51  115  113   47   54   54   48   48   51   35   39   87   67   97  103   98   97   65   65   65   99   99  103  119   71   54  112   96   97   35   39   52   96   97  115  115   51   63   99   97   41   96   65   65   65   65   91   99   99  113  119   87  119   97   49   51   58   99   96  127   99   99   99   35   50   59   35   97   65   65   65   65   15   14   44   22   54   50  115  115  115  115   97  127   47   96   39   55   35  119   99  193  128  193   65   65   65   65    7   15   12   12   12   15  119  118   55   99  119   55   55  127  127   71  229  140  140  132  132  221   97   64   64  117  115   71  124   12   78   99   63   15   33   49   55   38  122  126    5   15  140  140  140  142   31  111   64   97  127  142  238   66  103   94  127  119   54   54   48   62   14   63   28   12   79   12   12   12   12   12   12  103   99  129 
 120   61   31   14   46   14   28   22   22   53   14   14   30   60   63   55   31   30   30   63  127   14   30   89   81   65   71  111   63   47   63   15   62  125  109  108   47   36   60   62   48   50   54   55   62   63  111   39   31   97   65   65   67   79   71    2  127   92   30   63  120   63   63   62   61   91  111   39  125   49   55   62   31   55  121   65   65   65   65  239   28   63   47   71  103  111   55   57  115   43   48   63   33   63   55   35   51   33  225  128  193   65   65   65   65  143  140  140  140  236  111   71  119   48   97   49   51   35  101  127  115  176  128  128  128  128  195   65   65   64   97   67    7   12   12   14   38  119  127   97   51   51  103   99  127   97   97  128  128  128  134  231   65   65   65   71  128  225   71  103  111  119  115   55   48  113  119   38  115  127  119  107  173  140  132  134  134  231   97   65  129 
 119   62   12   12   12   12   12   20   20   12   12   12   12   28   28   12   12   12   12   12   12   12   28   24  115   71    6   12   12   12   12   12   12   12   12   12    4    4   12    4   29   60   12   14   30   60   12   12   28  121  114   67    6   12   12   12   12   12   12   28   28   12   14   28   28   31   12   29   60   60   62   28   28   60   29   81   97   67   71   44   12   15   31   63   12   12   12   60  110  119   63   63   13   30   46  119   60   49  245  152  207   65   65   65   65   27  156  156  156  207   79    6   62  120  117   79  127  117  117   61  113  198  144  128  128  128  229   65   65   64  101   39   28   28   22   31   39   62   56   63   51   55  113  101   28  124  112  152  132  132  128  225   65   65   65  241  128  231   15   14   14   50   50   48   48   51   49   99   99  127  125   97  129  128  128  128  161  225   64  225  161 
  79   78   12   12   12   20   20   28   28   12   12   12    6  125  125   12   12   12   12   12   12   12   12   24   55   14   12    4   12   12   12    4   28   28   28   12   12   12   12   12   12   12   12    4   12    4   12   12   28   24  115   70   12   12   12   12    4    4   12   12   12   12   12   12   12   28   12    4   12   12   12    4    4   12   28   56  119   79    7    4   12   12   12   12   12   12   12    4    4   12   12   12   12   12   12   20   28   28   12   12   60  120   99   67    7    4   12   12   12   12   14   12   28   60   85   15  110  125   60   28  125   12   12   12   12   12   61  125   65   71   69   12   12   12   12    5    7   14   60   61   95   15  124  127   30  126  124   28   28  156  140  216   89   65   67  124  159  140   12   12   15    7   62   56  127   87   63  124  113   29  124  125  180  152  152  128  160  224   65  193  128 
   1  175  172  158   24   16   16   62   12   28   12   95   71   65   81  183  158  156  140  140  140  156  156  156  188  140  140  140  140  188   60   60   28   16   28   12   12   12   46   63   61   14   12   12   12   12   12   12   28   24  156   28   28   28   28   12   28   20   28   28   62   28   14   29   28  127   85   28   12   12   12   12   28   28   28   26   23   15   12   12   12   12    4    4   12   28   28   93   12   12   12   60   12    4    4   12   12   12   12   12   28   24   55    7    6    4   12   12   12   12   12   12   12   12    4   12   12   60   12   12   12   12   12   12   12   12   28   29    7    7    4   12   12   12   12   12   12   12   12   12   12    4   12   12   12   12   12    4   12   12    4    4  125  127   71    4   12   12   12   12    4    4   12   28    4    7    6   60  124   28   60  124   12   12   12   12   12   77   69   97  128 
  65  197  180  176   16   48   48   63  119  152   48   99   65   97   97  193  128  128  128  128  128  128  128  128  128  128  128  128  128  177   51   48   48   48   60  156  140   44  101   99    1  213  151  152  140  140  132  132  132  140  128  152  152  176  160   48   48   16   48   50  119   30   62   63   31   95   99   63  188  140  132  132  156  156  156  149  157  156  184  157  173   60   60   60   28   48   57   93   44   62   30  127  125   60   12   12   12   12   12   12   28  152  158   14   12   12   12   12   12   44   28   60   56   31   12   28   30   63   61   12   12   12   12   12   12   12   28   24   14   12   12   12    4    4    4   12   12   60   28   28   12   12   12    6    6    4    4    4    4    4    4   12    8   12    4    4    4    4    4    4    4    4    4   12   12   12    4   12   12   12    4    4    4   12   12   12   12   60   52  224  128 
  65  116  116   48  112   48  112   81  225  128  181   99   65   97   97  193  128  128  128  128  128  128  128  128  128  128  160  166  150  144   16   48   48   19   31  146  144   54  119   99   97  193  128  128  128  128  128  128  128  128  128  128  128  160  176  114   16   16   48   54    6  119   60   30   31  127   65   69  128  128  128  128  128  128  128  128  128  128  128  129  161  184  176   16   48   50   34   30   16   54    6   31    1   67  128  128  128  128  128  152  152  128  128  160  168  156  155  143  190   52   16   50   50   62   28   62   95  103  105  142  140  140  140  156  156  132   12  136  132  140  172  172  136  188   52   60   28   48   48   60   28   30   28    7    7  157  140  142   12   28   28   28   12  156  140  140  142   30   20   28   12   12   12   28   28   28   12   12    4    6    7    7    4   12   12   12   12   28  176  176  128 
 112  112   48  112  125   35   51   65  225  128  181   99   64   97   97  161  128  128  128  128  128  128  128  128  128  128  166   54   48   16  112   96   48  115   99  131  152   93   65   97   96  225  128  128  128  128  128  128  128  128  128  144  144  176  113   16   16   16   51   38   23  119   55   55   99   99   97   97  128  128  128  128  128  128  128  128  128  128  128  128  176   48   16   48   48   55   55  125   60   62   23   55   97  195  128  128  128  128  128  128  128  128  128  128  128  128  139  147   48   16   48   51   39   62   28   54    4  101   65  131  128  128  128  144  144  128  128  128  128  128  160  160  128  160   48   48   16   56  123   63   60   62   30  101   65  209  128  128  128  128  128  160  128  128  128  128  128  128  160  160  128  155  183   48   48   60   60   14   60   15    7  157  156  156  140  140  140  140  152  128  128 
 112   48   51   48   97    7   39  103  225  128  160  227   97   65   97  160  128  128  128  128  128  192  176  183  128  148  158   48   16   16  112   99   39  119  115  181  152  253   65   97   97  195  128  128  128  128  128  128  128  128  128  176   28  252  117  114   19  153  131    2  115  115   22   54  115   98   96  224  128  128  128  128  128  128  128  128  128  128  179   51   97   48   48   48   51   67  115  115   54   54  115  112   97  113  128  128  128  128  128  128  128  128  128  134  134  128  241   48   16   48  182   19    3  123   57   55   55  101   97  193  128  128  128  128  128  128  128  128  128  128  128  128  208  176   16   16   48   62   55   23   48   54    6  117   65  147  131  128  128  128  128  128  128  128  128  128  128  128  128  128  188   20   16   48   59  119   62   62   30    7   71  161  128  128  128  128  128  128  128  128  128 
  96  113  115   96   96  103   38  167  192  128  128  193   97   96   97  128  128  128  128  128  128  197   63  127  176  176   16   48  188  124   96   67    6  117  123  148  128  209   65   65   65  227  128  128  128  128  128  128  160  160  176  144   24   30  103   99    3  135  130  131    2    2   23  124   62   67   64  224  128  128  128  128  128  128  128  128  176  184  178   62  111   97   51  154  146  135    2    3   14   62  124  100   96  193  128  128  128  128  128  128  128  128  128  231   54  158  111  112  115  182  161   39    7    3    6   63  115   97   97  193  128  128  128  128  128  128  128  128  128  129  129  128  224   48   48   48  144  147    2   67  115  119   71  127   97  211  131  128  128  128  128  128  128  128  128  128  128  128  128  176   48   16   48   48   22   23  126   60    7   71   97   97  160  128  128  128  128  128  128  128  176 
  64   97   96  224   97    3   35  199  128  128  128  193   35   97  161  128  128  128  128  128  128  133  159   62  241   48   48   51  195  224   97   99    7    7  149  128  128  225   97   65   65  243  128  128  128  128  128  128  166  177  176   16   48   50  115  115    2    7  135  135  131    2    3   27  126   99   96   96  160  128  128  128  128  128  128  130  178   48   16   30  103  101    3    6  134  134    3    3   27  122   31   71   97  193  128  128  128  128  128  128  128  128  128  241   48   30  110   96   99  226  128  145  131    3    6   62   63   71  225  128  128  128  128  128  128  128  128  128  128  129  183  156  252  112  119   54  144  131    3    3    3   62  121  115   97  225  128  128  128  128  128  128  128  128  128  128  128  128  224  112   48   16  182  180   23    7   99   63   55   99   96   96  224  128  128  128  128  128  128  146  183 
  64   64   96  192   99   35   99  225  128  128  128  193   99    1  209  145  128  128  128  128  128  128  128  128  225   97   99   35   33   32  225   97   35    3  193  128  128  227   99    1    1  179  128  128  128  128  128  184  182   48   16   48   54   38  119   51   22    2    3  131  130  131    2    2  122   99   99   55  160  128  128  128  128  128  224  178   48   16   48   62   62  116    2    2    7  135    7    3    3    2   79   67   97  224  128  128  128  128  128  128  128  144  176   48   16   50  114  116   70    6  130  128  131    3    3  123  127   64   65  128  128  128  128  128  128  128  144  144  160  145   16   16  119   99  103    7  145  128  131    3    7   62   56  109   65  177  128  128  128  128  128  128  128  128  128  128  160  184  222   98   96  115  131  128  131    3    3    6   54  113   33   97  192  128  128  128  128  128  128  179   51 
  65   65  160  193  193  129   97  225  128  128  128  161   97   97  113  225  128  128  128  128  128  128  128  128  193   65  193  161   32   32   33   65   65   97  225  128  128  195   97   65   65  193  128  128  128  128  144  144   48   48   55  180  128   35   35    3    7    2    3  131  129  131    3    7   79   67    3  161  128  128  128  128  128  160  240   16   16   48  189  163  155   63    7    3    3  131  131  131    3    3   70   99   67  193  128  128  128  128  128  128  176  144   16   16   51   55   63   57   39    7  131  128  128  131    3    3    2   64   65  129  128  128  128  128  128  128  144  144  184   16   16   51   19  115   99    3  131  128  129  131    7   51   18   79   65  177  128  128  128  128  128  128  128  128  156  152  176   16   30  115  115    3  131  128  130  131    3   55   54   95   65  225  160  128  128  128  128  128  130  178   48 
  65   65  193  225   65    3   97  129  128  128  128   97   97   96   97  225  128  128  128  128  128  128  128  128  192   65  193  161   33   33   97   33   65   65  225  192  128  225  101   96   97  128  128  128  128  152  176   16   48   55  151  132  128  131  131  131  131    3    2    3  130  131  131    6   79   99   99  131  128  128  128  128  154  176   16   48   54   50  161  128  163  131    3    7    2    3  131  131  131    3   15    3    1  129  128  128  128  128  128  160   48   16   16   56  161  161  129    1    1    3    2  130  128  130  131    3   99   65   65  129  128  128  128  128  128  128  178   48   16   16   52   63   87   23   35    2    3  130  128  131  131    3    2   98   65  131  128  128  128  128  128  128  128  144  184   16   16   48   63   62  114    6  134  128  128  131  134   55   18   86   65  225  160  128  128  128  128  128  243   50   48 
  65   65  193   97   33  163   97  225  128  128  129   97   97   97   97  160  128  128  128  128  128  128  128  130  195   65  225  161  129   65  193  129   65   65   99  224  128  193   69   97   97  129  129  128  128  241   48   48   49   51    3  131  129  128  129  131    3    3    3    2    3  131  130  130    2  103   99  131  129  128  128  176  176   16   16  180    7  131  128  128  128  129   99    3    3    3    3    7  131    7  103  111    3    3  131  128  128  128  176   48   48   48  176  160  160  160  161  129    1    7    2    2  130  128  131    7    3    3    3  179  128  128  128  128  128  176   48   48   48  150  160  163   65   65    3    3    2  130  130  128  131    7    7   71   65  225  128  128  128  128  128  144  176  176   16   16  144  240  135  121   53    7    6  134  128  128  128  167    6   70   64  208  128  128  128  128  128  128  241   96   96 
  65   65  129   97  225  195   65  195  130  128  129   97   97   65   39  134  134  128  128  128  128  128  128  130  195   65  225  224  160  193  193   65   65    1  179  242  130  193   65   65   69   63  163  128  128  225   99   50   19  131  131    3  129  128  131    3    3    3    3    3    3    3  131  130  131    3    2    2  135  132  128  225   51   51  164  128  129  129  128  128  128    3  227    7    3    3    3    3    3  130    3    3    2    3  131  128  128  224  112   48   54  166  166  128  160  160  160  129    1    3    3    2    3  131  128  131    3    3    3  135  128  128  128  128  176   48   16   48  183  135  225   33   33   97   67    3    3    2  135  135  128  167   51    3    3  163  128  128  128  128  128  240   48   48   16   54  150  128  161  161    3    3    7    6  135  128  128  163    7   87   67  195  195  128  128  128  128  128  195   65   65 
  64   65  129    1    3  193   67   67  195  128  193   99   79    7    6    7  167  166  128  128  128  128  128  128  193   65   97   33  163  224  225   97   97   65   51   55   44  161   97   71    7    6    6  135  128  135    3    2    3  131  128  131  131  131  163  163  131  129    1    7    2    2   67  134  135    3    2    2    6  135  129  193    3    3    3  161  128  129  129  128  129  131  131  195   67    3    2    3  135  130  131    3    3    3  199  128  128  193   99   50   22  163  163  131  131  131  131  129    1    3    3    3    3  135  128  130  131    3    3    3  131  128  128  193   97   49   56  185  145    3   35  160   32   35  131    3    3    3    3  131  128  161  179    3    3    3  129  128  128  128  176  176   48   48  176  150  134  224   96  161  163    3    7    7    3  131  130  130  130    3    3    3  195  131  128  128  128  128  161    3    3 
  64   65  163    3    1    1    1   97  225  128  225   97   59   31   38   35   97  227  128  128  128  128  128  128  192   64   97  227   67   97  225  161  193   97   67  130   54  177  101   79   14    7    3  193  128  128  167    2    2  147  129  131    3    3  131  131  131    3    1   39    7    2    3  134  134    6    2    2    2    3  135  129  131    2    3  163  128  129  129  129  129  129  128  129  195  199    6    2    3  131  130    3    3    2    2  134  128  129    3    2    3   35  163  131  131    3    1  131  129    3    3   99  115    2  131  128  132  131    3    3  130  130  128  193   99   35   23  131  131  163    3  131  160   35  131  131    3   67   67  131  130  128  130  135    3    3  130  130  128  128  225   48   51  178  128  131  131  161   32   32  162    3    3    7    3    3  131  128  130    3    3    3    3  131  128  128  128  128  177    3    3 
  65   97   99   97    1    1    1    1  129  128  160   97   33   23   51   48  112  196  128  128  128  128  128  130   67   65   65  131   67   65  195  131   65   97   96  128  128  128  195  123   95   51   99   99  129  128  194  130    2    2    3  129  131  131    3    3    3    3    1  225   97    7    3    3  131  130  131    7    6    2  134  130  130  130    2  130  130  130  128  131    3    3  131  131  193  199  231    7    3  131  131  131    3    3    2    2  131  128  131    3    2   35  161  128  131    3    3  131    1  131  195   97  103    2    3  131  128  131    3    3    2  162  162  128  131    3    3    3  131   51    3  131  131  131  131  129    3   67   67    2   10  131  128  134  131    2    2  131  128  128  227   34   35  131  128  131    3  163   35   33  131  131    3    3  103    2  131  130  128  135    7    3    2  131  128  128  128  193  125   30    6 
  65   97   97   97    1    1    1    1  193  128  192   67   99   49   48   48  112  164  128  128  128  128  128  128  193   65   65  131   35   33    3    3   65   65   65  129  128  128  224   51   27   48  112  113  161  128  128  131    3    2    3  134  128  128  129    3    1    3    1  113  115   63   55    2   35  131  131    7    7    2    2  130  128  131    2    2    3  131  128  131  131  131    3  131  193  241  119    7    3    3  167  166    3    3    2    2  130  130  128  131    2    3  131  130  130    3    3    3    1  129  195   97   97   71    2  131  129  128  131    3    2    2  163  128  130  130    2    2    3  129  131    3    3  131  130  131    3   65   67   67    2  135  130  128  130    3    2    2  130  128  130    2    2    3  129  128  131    3    3    3  131  128  131    3    1    3    2  131  128  128  131    3    2    2  195  128  128  193  127  158  143 
  65   65    1   67    7    3    3   67  193  128  128  195   97   48   57  188  160  160  136  152  136  128  128  128   65   65   97  227   35   35    3    3    3    3    3  129  128  128  225  121   48   48  113  241  160  128  128  128  131    2    2  130  130  130  131    3    3    1    1   99   55  119   54    2    3    3  131  130    6   62   35   99  129  128  131    2    2  131  130  130  131  131    3    1  129  225  127  103   62    3    3  131  131  130    3    3    2  131  128  130  130    2    2  130  130  131    3    3    3    3    3   99  115   63   23    3   39  164  129    3    2    2    3  134  128  131  131    2    3  131  131  131    3  131  131  131   65   65   65   71    3    3  163  128  130  135    3    2  130  130  128  131    2    2  130  129  130    3    3    3    3  129  128  225   97   99    2    3  135  128  161    7    7    2  130  130  128  128  128  128  128 
  65   65    1    3    7    3    7    3  129  128  144  240   96   96  193  128  128  128  136  152  136  128  128  128   64   64   97  225   33  163  131    2    3    3   67  161  128  224   97  112  115  231   48  176  128  128  128  128  131    3    2    2    2  130  131    3    3    3    3    3   63  127    6  127    3    3    3  190   30   62   48  177  129  128  129  131    2    2  131  131  131  131   67   67    1    1   23  119   62    7    3    3  129  147   27   51   35  179  128  128  130  131    2    3  131  128  131    3    3    3    3   99   97  107   51    2    2  162  128  135  131    2    3   71  128  128  131    2    2    2  131  131    3    3  131    3    3   97  115   55   55    3    3  130  128  128    3    2    2  130  128  130  131    2    2  131  130  131    3    1  131  131  225   96   96  103   71    3    3  130  160  151    3    3    2  162  161  128  128  128  128 
  65   97  163    3    3    6    7    7   31  156  159  114  112  112  230  128  128  128  128  128  128  128  128  131   65   65   67  193   33  162  130    6    3    3    3  143  132  227   96   96   99  241  160  128  128  128  128  128  163   99  131    2    2  130  129    3    3    3    3   31   63   63   47   47    7   99  243   48   16   48  176  152  128  128  128  135    2    2    3    3  131    3    2    3    3    7   63   55    6   63   27    3  219  184   16   48   48  176  128  128  128  162    3    2    3  135  130  131    2    3    3   67    7   63   35   63    3    3  131  160  243   54   51   99  128  128  130  214    2    2    3  131  131    3    3    1    1   65  115   55   51   34    2  131  160  128   19    3    3   67  193  128  134  130    2    2  131  129    3    3    3    1  225   97   97  127   63   55    3    3  129  128  131  119    2    2  134  128  128  128  128 
  65  103  166  131  131  130  135    7   14   28   28   48   48  177    7  128  128  128  128  128  128  128  128  131   65   65  195  193  129  130  130    6    6    7    7   14   28   28   48   48   96   48  160  128  128  128  128  128  160  224  131  130    2    2  130  130  131    7    7   62   46    6   62   20   60   32   55   20   16  144  160  128  128  128  128  128  131    2    2    3  131  131    3    3    3   50  123  103   62   55   63   97  115   48   16   16  176  160  128  128  128  128  131    2    2    3  131  131    3    3    3    7   39   63    6   62   19   99  167  179   16   16   48  176  128  128  128  130  131    2    3    3  131  135    3    3    3    1    3   63   51   23   19    3  131  128  177   51   51  115  193  128  128  131    2    2    2  131  130    3    3   67  195   97   67   63  117   51    3    3  131  128  132  183   19    3  195  128  128  128  128 
  65   71  134  128  128  128  156   22   54   56   16   18  178   48  162  131  129  128  128  128  128  128  128  160   65   65  163  128  128  128  128  130    2    6   14   30   28   16   16   56   48  242  144  128  128  128  128  128  128  128  128  130    2    2  131  130  131    7    6    6   14   20   28   28   57   48   62   28  178  128  128  128  128  128  128  128  130  130    2    2    3  131    1    3    6   54   55    6   30   62   56   48   50   16  144  144  180  160  128  128  128  128  130  135    2    2    3  131    3    3    2    7    7    2   14   54   61  112  115   18   16   48  180  152  128  128  128  128  131    3    2    3    2    3    3    7    7    3   71   63   22   22   18   99  119  187   48   16   48  176  160  128  128  128  130    2    2    2   39   39    3    3   67   67    3   38   63   23   31    3    3  163  179  176   56   51   99  128  128  128  128 
  64   65  131  128  128  128  144  150   16   16   48   50  162   34   55   35  160  128  128  128  128  128  128  227   65   65    1  128  128  128  128  130  134  182   49   20   16   48   53   16  176  160  128  128  128  128  128  128  128  128  128  128  131    2    2  130  131  135    6    2    6   12   28   24   48   48  177  176  176  128  128  128  128  128  128  128  128  130  130    2    3   35    1    7    7    6   22   62   60   56   49   49   62   28  176  128  128  128  128  128  128  128  128  198    3    2    2  131  131  131    6    6    6    6   12   60   52   48  119   18  176  176  128  128  128  128  128  128  128  130    2    2    3    3    7    6    7    7    3    6   30   30   22  112  114   19   16   16  144  144  128  128  128  128  129  131    2    2    3  135  131    3    3    3   19  119  119    6   60   83   98   98   51   16   16   48  240  128  128  128  128 
  65   67  131  128  128  193  240   48   16   60  124   54  166   38   55   52  164  132  134  134  132  148  156  159   97   97    1  131  128  128  128  130  218  248   16   16  144  176   49  176  148  134  134  130  128  128  128  128  128  128  128  128  128   99    3   67  161  130  135    6   30   30   28   16   16  176  144  128  128  128  128  128  128  128  128  128  128  128  131    7    3   19   23    7  134  134    6    6   28   16   48   49   48  144  176  128  128  128  128  128  128  128  128  128  135    3    3    3    3  131    7    6    6   14   28   28   49  113  253  156  176  128  128  128  128  128  128  128  128  129  131    2    2   35   35  161  166  134    6    6   30   28   28   48  126   30  152  176  128  128  128  128  128  128  128  134  131    2    3    3  163   35    3    6    3    3    6   28   62  125  113   99   18   16  144  184  160  128  128  128  128 
  65  127   60  156  156  188   60   60   28   12   12    4    4    4    4    4    4    4    4   12    4   12   12   28  112   96  179  177  160  128  128  132  176   16   16   60   20  134   22  156  156   12   12    6  134  132  132  132  156  156  156  140  156  110  119   71  151  134  148  148   24   16   16   16   48  176  132  132  132  140  140  132  140  140  132  132  144  148  128  134    3   65   55   39    6  134  198   54   52   16   16  144  144  128  128  128  128  128  128  128  128  128  128  128  128  131    3    3  163  135    6  142  148    4   28   56   48   48  176  128  128  128  128  128  128  128  128  128  128  128  130  130    3   35  227  128  134  134    6   14   28   60   49   49  115  178  132  128  128  128  128  128  128  128  128  128  131    2    2    3  163  225  131  134    6    7   14   14   60   59  115  126   30   16  176  128  128  128  128  128  128 
  97   44   12   20   28   28  126  110   12   12   12   12   12   12   12   12   12   12    4   12   12   12   12   28   56   44   14   12   12   28   12   12   60   62   60   12   12    4   12   12   12   12   12   12   12    4    4   12    4   12   12   12   12   12   79    7   71   95  156  152   56   48   20   60   12   12   12    4   12   12   28   12   12   12    6   14   28   28   12   14   71   71   47  231   54   55   55   16   16   56  188  132  140  140  132  132  156  132  132  140  140  132  132  140  142  183   35   67   47  148  150   20   20   27   16   48  176  144  128  128  128  128  128  128  128  128  128  128  128  128  128  130    3    3  149  146  156   12  134    7   28   16   48   48  177  176  128  128  128  128  128  128  128  128  128  128  128  135    2    3   35  128  130  130    6    6   30   28   60   51   51  183  148  196  128  128  128  128  128  128  128 
  65   47   28   28   16   28    4    4    4   12   12   12   12   12   12    4    4    4   12   12   12   12   12   12   12   12   12   12   12   28   28   28   12   12   12   12   12   12   12   12   12   12   12   12   12   12   12    4   12   12   12   12   12   12   12   12   93   28   12   28   60   44   12   12   12   12   12    4   12   12   12   12   12    4    4   12   12    4   12   12   15   15   79  206   61   60   60   52   52   28   12    4    4   12    4   12   12    4   12   12   12   12   12   12   12   12   23    7    6   55   54   52   52   16   16   28  164  132  140  140  132  132  132  132  156  158  158  140  158  156  156  156   21    7   21   30   28   30  151  150   16   16   16  181  133  128  128  128  128  128  128  128  128  128  128  128  128  136  195   67  193  132  140  140   14    4   28   24   48   48   62   18  144  128  128  128  128  128  128  128  128 
  15   14   28   28   50   28   12   28   12   12   12   12   14   30   12    4   12    4   12   12   12   12   28   15    7   14   12   12   12   28   24   24   12   12   12    4   12   12    4   12   12   12   12   12   12   12   12    4   12   12    4    4    4    4    4    4    4   12    8   12   12   12   12   12   12   12   12   12   12   12   12   12   12   12    4   12   12   12   12   12   12   12   12   28   28   12    4    4    4   12   12   12   12   12   12   12   12   12   12   12   12   12   12   12   12   12   14   28   62   63   28   60   52   60   28   12    4    4   12   12    4   12   12    4   12   12   12    4    4   12   12   12   15    7    6   63   54   54   50   48   16   20  188  140    6  134  132  140  140  140  140  140  140  132  134  134  132  140  205   67   71  134   30  158  142  150   20   16   48  176  176  144  128  128  128  128  128  128  128  128  128 
  73   13   60   62  174  172  140  156  140  148  148  182  182   30   30   28   12   28   28   14   14   60   62   47   15   12   12   12    8   24   60   44   60   60   30    6   14   12   14   14   12   12   12   12   12   14   12   28   30   30   12    4   12   12   28   30   54   28   28   28   12   12   12   12   12   12   12   14   14   12   12   12   28   12   12   30   26   28   12   14   12    4    4   28   24   28   12   12    4   12   12   12   12   12   12   12    4   12   12   12   12   12   12   12   12   12   12   12   12   12   28   12   12   12   12   12   12    4   12   12    4   12   12    4    4   12   12    4    4   12   12   12   12   12   14   15    4   28   60   60   28   12   12   12    4    4   12   12   12   12   12   12    4   12   12    4    4    4   13   15    7    7   31  190  170   48   16   20   20   22  132  132  134  132  132  134  144  128  128  128  128 
 115   59   28   12   22  150  128  160  144  152   28   28   63   63  172  132  148   24   28   14   22  151  156  148   20   28   12   12  142  140  158  132   54   60   62   54  183  140  140  140   28   28   12   62  166   12   14   30   29   29   30   14  140  156   28   28   12   28   28  156  132   28   14   14   12   12   12   12   28   12   12   12   12   30   12   30   30   28   12   14   12   14   12   28   28   60   62   30   20   14   30   14   14   12   12   12   12   12   12   12   12   12   12   12   12   12   12    4   22   30   24   44   12   12   12   12   12    4   12    4   12   12    4    4    4   12   12    4    4    4   12   12   12   12   12   12   12   28   12   12   12    4    4    4    4   12   12   12   12   12   12   12   12   12    4    4   12   12   12   12   29   13   47   28   60   60   60   44   12   12    4    4    6    6    4   14   28   14  134  156   28 
 112   48   28    6    6  130  129  184   48   48   28    6    6   35  128  176   48   56   28    6    6  130  128  176   48   56   28    6   22  147  128  176   60   24   28    6  134  130  176  240   48   28   12   54  162  148  150  178   56   28   14    6  134  152  152  156   28   28   14  134  130  144  148  132  140  188  188   28   28  150  134  140  140  156   61   61   28  172  140  140  132  156  156  156  132  158  150  150  148    6   38   22  142  142  140  132    4    6   12   12   12   12    4   28   28   28   12   12   28   28   28   28   28   28   12    6   12   12   12   12   12   12   12   12   12   12   12   12   12   12   12    4   12   14    4   28   28   12   12   12    4    4    4    4    4   12   12   12   12   12    4    4   12   12    4   12   12   12   12    4    4    4   28   28   28   12   12   12   12   12    4    4   12   12   12   12   12   12   12   12   28 
  48   48   62    6    3    3  177  120  112   48   60   14    7    3  161  240   48   48   28    6    2    3  160  224   48   48   28   14    7  131  182   96   48   56   30    6    3  131  184  120   48   56   30    7    3  131  144  176   48   28   14    6    2  163  184   48   48   28    6    6  130  130  128  128  192  112   48   28   12    6  134  130  144  176   24   28   14    6  131  128  193  240   24   28   14  134  171  161  152  146   26   28   14  134  132  128  148  156  156   12   14  142  140  140  148   29   29   28   14  140  140  140  156  152  158  134  158  156  156  148  156  156   29   61  188  140  140  132  132  156  140  132  156  156  140  140   28  140  156  148  156  156  158  134  134   12   12   12   12   12   28   28   28   12   28   28   30   12   12   12   12   12   28   60   28   12   12   12   12   12    4   12   28   28   30   12   12   12   12   12   24 
  99   99  167   99   99   97  113   65   97   99  161  103   67   65  227   97   97   49  240  147   67   67  193   97   97  121  188  135   67   67  114   97   97   49  183   71    3  193  241  113   32   53  190    7    3  195  211   97   48   62   22    3    3  163  112   96   48   62    6    2    3  131  128  128  225   97   48   56   14    7    3  135  228  112   48   28   14    6    3  131  240   48   48   28    6    7   43  161  241   48   48   28    6    2  131  144   48   48   48   28    6    6  163  176  184   48   28   14    6  134  130  160   56   24   28   14    6  135  131  144   56   24   28   46  142  138  128  160  176  152   30   30  135  128  128  144  144  152  158  134  188  144  128  130  154  140  142   38  140   28  156  140   24   28   20  156  132   12   28   12  156  148   28   28   12   12   12   12   12   12   12   14  158  132  142  140  140  132  140  140  140 
   3    7   55   48   48  112  103   67    3    3  175   49  112   97  215   65    3    3  255   57  113   97  193    1    3  131   50  177   96   97  113   67   67   99  178  119   97  225  195   65   65   55  114  115   97   97   67   97   99   51   54   99   97  227   97   97   99   54  118   99   99  225  128  128  225   97   97   51   83   99   67  101  101   97   97  181  199   67   67  209   97   96   49  159  143    3    3   87   97  112   48   60   79    3    3  241  113   48  120   30    7    3    3  178   96   48   60   14    6    3  131  240   48   48   28    6    6    3  165  240   48   48   28    6    6  135  129  176   56   48   28    6    2  131  144  176   48   24   28    6    7  130  160  176   16   24   12    6  134  134  144  144   60   30   30  150  134  132  156  180  148   28   28  132  133  157  132  140  156   12   12  141  130  128  128  144  152  156  146  130  128 
