1
0 1
OK
0
5 135 80 10800 0

 128  128  128  128  128  128  128  128  128  128  128  128  128  225   97   99   51   97  227  115  113   71   95   28   12   12   12   12   12   12   14   14   12   12   12   12   12   12   12   12   12   12   12   12   12   12   12   12   12   12   14   63   32   97   64   65   97   13   15   55   51  119   30   30  121   63   30  156  132  140  142  142  188   62  158  152   26  142  132  132  132  151  145  128  160   97   65   99   97   65   97  115   51  103   99   99  115  113   96  145  128  144  144  128  128  128  128  128  128  128  128  128  128  128  128  128  128  225   65   65   65   65  113   49   99  160    1   65   97   99  119  115   99   97  161 
 128  128  128  128  128  128  128  132  132  128  128  128  128  193   67  127  123  103  239  188  113   47   20   28   12   12   12   12   12   12   12    4    4   12   12    4   12   12    4   12   12   12   12   12   12   12    4   12   12   12   14   63   49   97   96   67  127   28   12   12   28   30   28   28   28    4   12   12    4    4   12   12   12   12   12    4   12    4   12   12    4   12   12   12   28  127    1   97   97   65  127   31    6   63  125  127   62   54  117  157  156  188  188  156  140  156  156  140  132  140  142  142  156  148  156  132  132  228   65   97   65   71   63   48   99  160   65   97   65    7   22   48  113  113  128 
 128  128  144  146  130  128  128  134  134  128  128  128  128  193   71   14   12    4   12   12    7    7    4   12   12   12   12    4   12   12   12   28   12   14   30   28   28   12    4   12   12   12   12   12   12   12   12   12   12   12   12   28   61   99   96  103   15   12   12    4    4   12   12   12   12   12    4   12   12   12   12    4   12   12   12   12    4   12   12   12    4    4   12   12   12   31  113   97   65   65   31   12   14   30   62   30   30   30   28   12   12   12   12    4   12   12   12   12   12   12   12   14   28   28    4   12   12   76   29  120  113  111   62   28  115  128   65   97   99   22   30   60   48  144  128 
 128  128  144  146  130  128  128  128  128  128  128  128  128  129  134  142  142    6  140   14    4    4    4    4    4    4    4   12   12   12   12   12   12   12   12   28   28   12   12   12   12   12   92   29   28   28   12   12   12   14   30   28  111   87  126   54   30   12   12   12   12   12   12   12   12   12   12   12   12   12   12   12   12   12   12   12    4    4    4    4    4    4   12   12   28   16   48   49  107    7    4    4    4   12   12   12   12   12   12   12   12   12    4   12   12   28   12   12   12   12   12   12   12    4    4   12   12   12   12   30  115  115  115  178  144  128  193   65  196   28  156  164  144  144  128 
 128  128  128  128  128  128  128  128  128  128  128  128  128  128  128  128  128  130  130  150   22    6    6   14   14    6    6   14   28   28   12   12   12   12   12   12   12   12   12   12   12    4    4    4    4   12   12   12   12   12   12   12   14   28   28   20   12   12   12   12   12   12   12   12    4   12   14   14   12   12   30   30   28   28   14   14    6   14   12   12   12   12   12   28   28   28   60   51   27   30   12   12   12   12   12   12   12   12   14   14   12   12   12   12   20   12   12   12   12   12   12    4   12    4    4    4   12   12   12   22  115  101   97  176  176  176   97   97  224  132  128  128  128  128  128 
 128  128  128  132  134  150  144  128  128  128  128  128  128  130  160  160  128  128  128  144  150  134  134  140  140  134    6  142   30   30   30   22   22   22    6   12   28   12   12   30  156  148   31   63   63   28   28  140   12   12   28   28   28   28   28   12    4   12   12   12   12   12   12   12   12   12   12   12    4    4    4   12   12   12    4    4   12   12   12   12   12   12   12   12   12   28   28   23   22   12   12   12   12   12    4   12   12   14    6   12   12   12   12   60   60   60   60   28   28   12   12   28   28   12   12   12   14   14   12   12  124  113  113  180  144  176   96   97  225  128  128  128  128  128  128 
 128  128  128  148   18   22  180  128  128  128  128  130  130  130  160  160  128  128  128  128  128  128  128  128  128  128  134  134  128  132  148  146    2  150  134  184  184  136  134  134  128  144  150   62   60  188   54  150   20  136  136  136  152  152   16   22    6    6   20  156    4  140  140  140  140  140  140  156  148  148  156  156  142   30   12   12   12   12   12   12   28   28   12   28   28   28   28   12   12   12   12   12   12   12    4   12   12   12    4   12   12   12   12   12   12   12   12   12   12   12   12   28   28   12   12   12    6   14   28   28   30  127  117  188  154  250  112  113  129  128  128  128  128  128  128 
 160  160  128  144  176   20  188  128  128  128  128  130  130  128  128  128  128  128  128  128  128  128  134  134  128  128  128  128  128  128  128  128  132    6  130  128  128  128  128  134  134  128  130  134  156  166  162  150  144  128  128  128  128  128  144  144  128  128  128  128  134  132  128  128  132  132  128  128  128  144  144  144  150  150  156    6  134  132  132  132  148  156   28   28   28   28  152   24  152  140  156  156  156  140    4  140   14   30   28  140  140  140  140  140  132  140  140  140  142   14   12   12   12   12    4    4   12   12   28   28   24   28    4    8    8    8   56  112  128  128  128  128  128  128  128 
 160  160  128  128  148  148  136  128  144  128  128  128  128  128  128  128  128  128  128  128  128  128  134  134  128  128  128  128  128  128  128  128  128  146  130  128  128  128  128  166  166  128  128  128  148  150  128  128  128  128  128  128  128  128  128  128  128  128  128  128  128  128  128  128  128  128  128  128  128  128  128  144  144  128  128  128  128  132  132  128  128  128  144  148   20  150  146  144  128  128  128  132  132  132  132  132  134   22  144  177  182  135  128  128  128  128  128  128  132   20  148  156  152  142  134  132   28   28  156   28   24  148  132  140  136  152  152  144  128  128  128  128  128  128  128 
 160  128  128  128  128  128  128  128  176  160  128  130  130  128  128  128  128  128  128  128  128  128  128  128  128  128  130  130  128  128  128  128  128  148  132  128  128  128  128  128  128  128  128  128  128  128  128  128  128  128  128  128  128  130  130  128  128  128  128  128  128  128  128  128  128  128  128  128  128  128  128  128  128  128  128  128  128  128  128  128  128  128  128  128  128  128  128  128  128  128  128  128  128  128  128  128  128  128  128  183   63  191  128  128  128  128  128  128  132  148  144  128  128  132  132  134  148  152  152  152  144  144  128  128  128  128  128  128  128  128  128  128  128  128  128 
 132  134  131  155  144  144  128  132   52  176  148  150  130  128  128  160  172  142  132  128  128  128  128  128  128  128  132    4  134  128  130  130  128  128  128  128  128  128  128  128  128  128  128  128  128  128  128  128  128  128  128  128  128  130  130  128  128  128  128  128  128  128  128  128  128  128  128  128  128  128  128  128  128  128  128  128  128  128  128  128  128  128  128  128  128  128  128  128  128  128  128  128  128  128  128  128  128  128  128  142  158  184  128  128  128  128  128  128  128  128  128  128  128  128  128  128  128  128  128  128  128  128  128  128  128  128  128  128  128  128  128  128  128  128  128 
  63   60   28   28   28   20   12    6   12   28   28  158   14  142  140  164   60  158  132  128  128  128  128  128  128  128  128  134  166  182  134  130  128  130  134  134  128  128  128  128  128  128  128  128  128  128  128  128  128  144  152  144  128  128  128  128  128  128  128  128  128  128  128  128  128  128  128  128  128  128  128  128  128  128  128  128  128  128  128  128  128  144  128  128  128  128  128  128  128  128  128  128  128  128  128  128  128  128  128  128  128  128  128  128  128  128  128  128  128  128  128  128  128  128  128  128  128  128  128  128  128  128  128  128  128  128  128  128  128  128  128  128  128  128  128 
  99  116   12    4    4    4   12   14  111  116   12   12   12   12   12   12   93  182  150  132  134  130  128  128  130  130  128  128  160   54  134  128  134  150   30  134  128  128  128  128  128  128  128  128  128  128  128  128  128  144   24  144  128  128  128  128  128  128  128  128  128  128  128  128  128  160  176  128  128  128  128  128  128  128  128  128  128  128  163   51  147  144  128  128  128  128  128  128  128  128  128  128  128  128  128  128  128  128  128  128  128  128  128  128  128  128  128  128  128  128  128  128  128  128  128  128  128  128  128  128  128  128  128  128  128  128  128  128  128  128  128  128  128  128  128 
  97  117   28  140  158   12   12   79   97  112   44   28   28   12   20   22   86  116  119   95   30   18  164  160  154  178  174  144  176  160  128  128  132  132  156  128  128  128  128  128  128  128  128  128  128  128  128  128  128  128  128  128  128  128  128  128  128  128  128  128  128  128  128  128  128  168   52  132  128  128  128  128  128  128  128  128  128  128  167   55  145  144  128  128  128  128  128  128  128  128  128  128  128  128  128  129  129  128  128  128  128  128  128  128  128  128  128  128  128  128  128  128  128  128  128  128  128  128  128  128  128  128  128  128  128  128  128  128  128  128  128  128  128  128  128 
  64   65  152  136  128  128  128  224   64   64  237  156  158  150   55   54   87   97   99   87   18   51  161  160  152  179  175  152   24  140  128  128  128  128  128  132  132  148  144  128  128  128  128  128  128  128  128  132  132  128  128  128  128  128  128  128  128  128  128  128  128  128  128  128  128  136  148  148  128  128  128  128  128  128  128  128  128  128  132  148  144  128  128  128  128  128  128  128  128  128  128  128  128  128  128  129  129  128  128  128  128  128  128  128  128  128  128  128  128  128  128  128  128  128  128  128  128  128  128  128  128  128  128  128  128  128  128  128  128  128  128  128  128  128  128 
  64  113  144  144  128  132  132  240   64   65  133  128  128  130  135  142  123   99   54    4    4    4   12   20   20    7   12   12   28   12  132  140  132  180   28  156   12   20  148  132    4  140  140  132  128  128  132  132   12   28  148  128  128  128  128  128  128  128  128  128  128  146   18  128  128  128  144  144  128  128  128  128  128  128  128  128  128  128  128  161  183  135  128  128  128  128  128  128  128  128  128  128  128  128  128  128  128  128  128  128  128  128  128  128  128  128  128  128  128  128  128  128  128  128  128  144  144  140  140  132  132  128  128  144  144  128  128  128  128  128  128  128  128  128  128 
  65  113   48  144  128  132    4  241   65   65  205  136  136  142  134  230   96  121   60   12    4   12   12   12   12    4   12   12   12   12   12    4    4    4   12   12   12    4    4    4    4    4    4    4    4   12    4   12   28   28   12  140  132  140  140  140  156  148  132  134  140  158  158  140  132  132  132  156  156  132  140  140  140  156  154  130  132  132  128  129   23  151  152  140  132  130  146  148  132  128  128  128  128  128  128  128  132  134  128  128  128  128  128  128  128  128  128  128  128  172   46  144  176  184   62  127  124   12   12   12   12   12  174   54   54  158  140  140  156   28  132  140  156  140  142 
  65   97  176  128  128  128  132  113   65   65   89    8    8   14    6   38   97  123   62   63   53   14   30   12   12    4   12   12    4    4    4    4    4   12   12   12   12   12    4    4    4    4   12   12   12   12    4    4    4   28   28   12    4   12   12   12   12   12    4    4   12   12   12   12    4    4    4   12   12   12   12    4   28    6   30   12   28   14   28   12   12   30  156   12  140  150   30   20  132  132  132  140  140  140  152  144  148  134  128  130  130  134  142  156  128  128  128  128  128  180   48  160  102  112  121   65   69    4   12   12   12   12   12   67   97   20   12   12   12   12   12   15  111  108   12 
  64  113   50  130  128  130  230   97   65   65  145  132  132  134  135  103   97  104  114   51   49   22   22    2    5   12   12    4    4   12   12   12   12   12   12    4   12   12   12   12    4    4   12   12   12   12   12   12    4   28   28   12   12    4   12   12   12   12    4    4    4    4   12   12    4    4   12   12   12    4    4    4   12   12    4    4    4    4    4    4    4    4    4    4    4    4    4    4    4    4    4   12   12    4    4   12    4   12   12   12  134  134   30   28  140  140  140  132  140  140  156   44  127  120  113   65  115  156  140  140  140  140  205   67   96  221  140  140   12  140   14   79   65  100   36 
  65   81  178  130  128  130   99   97   65   65  209  132  132  128  131    7   71  101   50   51   55   18   54   49  121  158   12   28  156  156  172   47  109  127  206  140  140  140  140  140   28   30   14   12   12   12   12   12   12   12   60   54   55   44   28   31   95   20   12   12   12    4    4    4    4    4   28   28   12    4    4    4   12   12   12   12    4    4    4    4    4    4   12   12   12    4    4    4    4    4    4   12   12   12   12    4    4   12   28   28   12    4   12   12    4    4    4    4   12   12   12    4   12   12   93   65   67  144  128  128  128  128  225   64   64  193  128  128  128  128  199   65   64   65  229 
  65   97  176  128  128  132   19   97   64   65  193  128  128  128  135   85   95   22   22   22   28   28   20   52   44   12   12   12    4   12   12   28   30   14   46  142  156  140  140  140  191   63  175  140   12   12   12  156  246   35   49   54   39   55   22   51   99  127   30   28   12   12   12   28   62   52  119   15   12   12   12   12   12   12    4    4   12   12    4    4    4   12   12   60   63   63   60   28   30   14    4   12   12   12   12    4   12   12   20   28   12   12   12   12    4    4    4    4    4    4   12   12   12   12   93   69   81  152  152  144  128  131   99   64   64    7  150  152   24   28  119   65   64   65  193 
  65  225  160  128  128  132  247   97   65   65   17  146  130  148  156   81   81  127   28   12   12   12   12   12   60   62   62   60    4    4   12   12   12   12   12    4   12   12   12   12    4    4    4    4   12   12   12   12   14   30   63   54   14   28   30   62   60  108   12   28   12   12   12   12   62  110  110   22   28   12   28  148  140  246   60   28   28   28   30  148   60   60   62  120  119  119  119   23   23    7   29   28   12   12   12   12   12   12   12   28    4   12   12   12   12    4    4    4    4   12   12   12   12   12    5  101   81   28   28  144  128  131   99   65   64  133   20  144  152  156  190   97   65   65  149 
  64  193  128  128  128  128  193   65   65   65  147  146  130   20   22  209   65   97  163  128  128  128  148   60  116   62  119  117   62   62  111  205  124  125   77   61   13  124  124  119   71   78   14    4   12   12   12   12   12   28   29   12   12   12   12   12   12   12    4   12    4    4    4   12   12   12    4    4   12   12   12   12   12   12   28   28   28   28   12   12   14   14   47   50   51    7   23   23   63  113   63   30   28   12  140  143  143   60   36   63  119  103   55    6   14   22   20   28   20   28   12   28   28   60  101   65  113  180  148  144  128  147   99   65   64   19   16  128  148  148  240   97   65   65   22 
  64  193  128  128  128  128  193   64   65  225  131  128  128  128  128  193   65   97  161  128  128  128  128  225  119   60  119  119   63   55  118  215   65   65   65   49   97  103  113  113   97   65  127  150  140  140  140  156  246   97  197  140  156  132  140  156  126  125   54  103  111  118  127  103   29  127  127   71  111   13   76   47   15   15   12   12   12   12   12   12   12   12   12   30   30   14   28   20   60   52    4    4    4   12   12   12   12   12   12   28   28   79   14   14   15    5   12   28   28   28   12   28   28   46   78   64  113  176  128  128  128  147  115   65   64   19   16  128  132    4  100   65   65   65   22 
  65  193  128  128  128  128  192   64   64  193  129  128  128  128  128  192   65   97  129  128  128  128  128  161   99  115   55  119   63  119  127   99   96   65  117  119  117  119   61  101  101   65  243  146  128  128  128  128   99   97  193  128  128  128  128  144  241   99   34   99  115  119  103  115   83   65   65   65  115  115  113  115  119   27  109  164  140  140  156   30   60  111   91  127   60  158  140  132    4   28   29   28   70   92   94   94    7   14   62  124  124   12   12   12   12    4   12    4    4    4   12   12   12   12   78  102  115  182  128  128  128  167  113   65   65  147   16  128  134  134  244   65   65   65   16 
  64  224  128  128  128  128  193   65   64   97  129  176  176  128  128  192   65   99  130  128  128  128  128  226   99  119   55  115   99  127   48   99   96   65   97  119  127   31  109   37  102   97  225  128  128  128  128  128   65   65  193  128  128  128  128  128  225   97  113   50   55   33   35   99   67   65   65   39  113  113  231   31   97   97  113  225  128  128  128  128  198   71   65   97  194  130  128  128  128  229   55  126  118   63  127  127  119  119   97   97  119  119   79  126  103   39   31   79   15   31   12   12   28   30   78  102  119  150  128  128  128  160   97   65   65  145  144  128  128  128  240   97   65   67  144 
  64  224  128  128  128  128  129   65   64  225  176  176  176  128  144  224   64  123  190  132  140  136  142  182  183   62   30  124  118   31   60  108   67   65    1   39   63   55   39    7   99   97  197  128  128  128  128  128   65   65  193  128  128  128  128  128  113   97   99   63  125   33   51  127   99   65   65  235  127  125  227  113   59   57  113  193  128  128  128  128  225   97   65  225  128  128  128  128  128  225   39   52   54   43   54   55   55   99   65   81  117  113   99  126  121   97   97   65  129  128  128  128  128  147  113   64  224  128  128  128  128  160   97   65   65  193  128  128  128  128  225   97   65   67  128 
  64  197  128  128  128  128  225   65   64  208  184   60  140  156  156  112   91   94   28   12   12   12    4    4   15   12    4   31  127  108   28   26   87   85   91   97  119   55   15   71   67   65   15  132  132  196  192  163   65   65  193  128  128  128  128  128  225  123   18   20   61   61   27   58  119   65   65  131    3   62   31  115   35   57   97  128  128  128  128  128  161   97   65  225  128  128  128  128  128  193   99   54   54   99   51   55    1   96   64   97  119  119  121  125  127  127   97   65  177  128  128  184  156  118  115   97  192  128  128  128  128  225   65   65   65  193  128  128  128  128  129   96   64   99  161 
  65  196  128  128  128  128  227   65   64  112   56   28    4   12   12   85  121   60   12   12   12   12    4    4   12   12    4    4    4   12   12    4   12   21   95  109  109   12   25   93   79   31   28   20   28   60   28   14   87   65  193  128  128  128  128  128  193  114   62  124   60   60   28   28   77   65   97    3   35   47   31   27    3   97   97  128  128  128  128  128  129   65   65  193  128  128  128  128  128  193    7    7   54  101   23   54  113  103   65   65    3   22   62  115   99   63  104   99  132  128  128  176   20  119   65   65  193  128  128  128  128  192   65   65   65  193  128  128  128  128  225   97   64  225  161 
  65  193  128  128  128  128  163   65   65   96   48   28    4  140   28   84   96   96   31   47   46   30   58   62   28   30   30   31   14   28   20   28   28   12   12   12   12   12    8   12   12   12    4    4   12   12    4    7    7   67  193  128  128  128  128  128  224   97  113   96   97  109   94  109  101   65   99   99   65   99   99   83   65   65   65  128  128  128  128  128  128  225   65  225  128  128  128  128  128  225   23   22   28   28   54  127   28   87   65   65    3   35   59   62   39    1   97  227  132  128  128  163   18   31   65   65   65  128  128  128  128  193   65   64   65  192  128  128  128  128  192   65   65  192  128 
  65  161  128  128  128  160  225   64   65   96  176  144  132  132  148  209   64   67  124   60   12    6    7   30   28   30   62   62   62   28   12   30   28   12   44   60   28   30    4    4   54   62   46   14   12   12   12   79    7   97   55  134  134  134  128  128  225   97  225   71  103  119   63  113  125   97  117   95   67   97  113  119   65   65   65  128  128  128  128  128  224   97   65  113  161  128  128  128  128  224   35  103  109  120  119  111   60   65   65   67   65   97  231   95   67   65   97  224  128  128  128  134  215  115  113   65   65  129  128  128  128  224   65   64   65  192  128  128  128  128  193   64   65  193  128 
  65  160  128  128  128  160   97   64   65  224  160  128  128  176  160  193   64  103  119   63   12   63   63   14   28   28   60   28   28   12   12   28   14   14   62   52   22  124   60    4    6   54   60   60    4   12   12   95    1   33   55   30   22  179  188  156  220  196  141   15    7   55  123   81  124   96   97  115   99   97  113   99   99   97  192  128  128  128  128  128  225   65   65  225  161  128  128  128  176  243   99  225   67   99  119   55   51   65   65   83   83   65  103  119   65   65   99  224  128  128  128  128  195  115  113   97  227  129  128  128  128  129   65   65   65  192  128  128  128  128  193   64   64  193  128 
  65  128  128  128  128  225   97   64   65  225  128  128  128   48  167  224   64   38   14   14   12   60   60   12    4    4   28   28   12   12   12    4    4   12   12   12    4  117  127   12   63  127   62   62   12    4    4   63   97   97  102   28   28   24   12   28   28   12   12   12    4    6   30   57  127   97   99  127  124  124  127  127  113  127  222  132  140  152  156  140  151   97   97  189  140  140  134  130  179  115   99  227   15    2   50  127   62   84   65   67   67   96  101   55   67   65   99  226  130  128  128  128  131  115   97   97  161  128  128  128  128  193   65   65   65  224  128  128  128  128  193   64   64  193  128 
  96  160  128  128  128  129  225   64   65  197  160  160  128  176   55   96   65  231  140  142  140  156  188  190  158  132  156   30   16   28   14   30   28  148  172  174    6   14   14   12   60   60   12    4   12    4   28  127   97   97  115  124   60   12   12   12   12   12   12   12   12   14   62   63  111   97   99  126   30   30   60   28   30   31   12   12   12   12   12   12   28   99   97   31   28   28   12   12   12   62   54  190  172   71   61   61   31   87   97   99  115   96  115   51   99   97  115   22  130  128  128  128  145  113   65   65  161  128  128  128  128  193   65   64   64  128  128  128  128  128   65   65   65  193  128 
  97  163  128  128  128  192  225   65   65   71  179  176  160   32   38   97   67  231  156  154  131  128  128  128  128  128  128  144  144  128  128  128  128  128  128  138   18  190  140  156  188  172  140  132  132  140  189   29   97   97   97   97  112   14   12   12   12   12   12   12   12   78  103   35   97   97   65  115  125  124   12   12   12    4    4   12   12   14   15   29  125   33   97  127   60   28   12   12   12   14   22   28   12    6    4   30   28   49  113  103   54   28   58   30   31   63   22   22   30  140  142   14   28   61   65   65  225  128  160  178  130  193   64   64   96  131  128  128  128  128  193   65   65  192  128 
  65  131  128  128  128  224   97   65   65    3   35  163  161   32   52   99    6   12   15    7  131  128  128  128  128  128  128  144  154  140  140  254  158  158  164   38  134  128  128  128  128  128  128  128  136  156  177  113   65   65   97   65   96   14   12   12   12   12   12   12   20   85   97   97   96   96   65  115  113  124   12   12   12   12   12   12   12   31   67  225   97   96   97   99  112  112   12   12   12    4    4   12   12   12    7   71   45   96  113  103   62   60   28   28   12   14   12   28   28   12   14   15   29  125   65   97  167  178  160   34    3   67   65   64   65  129  128  128  128  128   65   64   64  193  128 
 193  128  128  128  128  224   97   65   65   67    3    3  161  225   96  101   85   28   95   67  129  128  128  128  128  128  128  177  113   52   12   15  123   60    7    7    7  130  128  128  128  128  128  128  249   28   28   63   95   65   97   65   65   60   30   46   46   14   60   28   14   65   65   65   64   65   96   99   64   92   12   12   12   12   12   12   12  117   65   97   64   65   65   99   96   86    6   12   12   12   12   12   12   28    7   67   97   96   97   67   97  112   60    4   12   12   12    4   12   12    6   71  113  112   96   99   39  178   32   35    3   65   65   65   65  128  128  128  128  128   65   65   65  225  128 
 225  128  128  128  128  128   65   64   65  199   71   67  129  225   96   65   65  113   97   65  129  128  128  128  128  128  128  225  113  118  127   71  115  127   31    3   99  130  128  128  128  128  128  161   97   48   24   95   67   65  115   65   65   49   30   26   22   94   49   51   99   65   97   97   64   65   97   99   64  125   28   60   46   46   46   62   30  103   65   65   65   65   65  113   65  117   28    4   28   28   12   28   28   62   65   97   97   65   65   97   65   64   68   12    4   12   12   12    4   12   79   67   97   97   97   67    3  130  160  225  193  193   65   65   99  130  128  128  128  128   65   65   65  224  128 
 225  128  128  128  128  128   65   64   65  193  195   65   67   97   96   65   65   67   65   65  193  128  128  128  128  128  128  224   65   97   97   65   65   67  113   65  225  162  130  128  128  128  128  160   97   97   95   83   65   65  119  115   97  111   12   30    6   12   28   53  100   64   97   99   64   65  125   99   64  117   60   20   22   54   62   24  114   99   65   97   65   65   97   35   65  115   63   54   62  127   54   60  124  111   64   97   99   64   65  127   65   64  125   12   12   12   12   60   28   12   77   65  103   97   65  103   39  131  128  145  145  193   65   65  227  130  130  130  128  129   65   65   65  192  128 
 193  128  128  128  128  128   65   64   65  224   97    3   67   97   97   65   65   71   65   65  224  128  128  128  128  128  128  241   65   97   33   65   65   65   97   65   97  162  130  128  128  128  128  160   97   65   65  103   67   79   31  112  113   60    8   12   12   12   12    4  103   65   97  115   64   65  125   99   64  101    4    4    4   12   28   28   60  113   65   49   65   65  113   51   64   67   15   22   22   22   20   20  124  121   65   97   67   64   65  103   66   64  125    6   54   61   57   52   60  127  103   65  119   96   65   99   35    1  129  128  128  193   64   64  193  128  130  130  128  129   65   65   65  192  128 
 193  128  128  128  128  192   65   64   65  224  163    3   99   48   97   65   97  119   65   65  214  134  142  140  140  184  186  102   64   97  113   64   65  113   85   65  193  128  128  128  128  128  128  160   65   65   17  119   71   15   12  124  112  124   12   12   12   28   30   22   87   67   15   60  113   65   31  119  112  117   30   12   12   12   12   12   28   83   67   63  102   97  113   55   96  115   31   12   12    4   12   12   28   89   65  113   69   64   65   55   67   64   71   14   46   44   60   60   44   54  113   65  124   96   65   67   71    3  135  130  128  193   64   64  193  128  128  128  128  129   65   65   65  192  128 
 226  128  128  128  128  192   64   65   65  128  130  131   99   33   97   64   96  117   65   91   28   12   12   14   12   20   30  126   96   97  113   64   64  113   81   64  221  158  134  132  132  132  140  197   69   99   48  112   65  125   15   15   62   62   62   30  156   28   28   20   22   31   14   30   62   31   14   60  124  127  184   61  149   39   49   62   51   67   71   12  116  115   15   28   96  113   30   25   15    5  110   44   36   87   67   63  110   96   67   55  117  112  127   12   12   12   12   12   12   63  115   65   38  102   65  193  129    3    7  131  128  193   64   64  193  128  128  128  128  129   65   64   65  192  128 
  67  128  128  128  128  192   64   65   65  128  128  131    3    3   67   65   97   55    3   27   28   12   12    4    4    4    4   28   96   99   83   65   65  119   83   65   77   12    4   12   12    4   12    4  101   99   49   65   67  111   12   12   12    4   28   28   28   28   20   28   30   30   28   30   15   14   12   12   28   30  156   28  150   31   51   50  114   67    7   14  117  115  111   28   28  176  190  222   15   39  114  119   55   83    7   15   60  114    7   12  116  113  117   14   14   14   30   60   60   79   67   71   62  102   67   67  135    3  131  131  128  193   65   65  193  128  128  128  128  225   65   64   64  192  128 
 195  128  128  128  128  192   64   64   97  128  128  163   99    3    3   65   65   30   15   14   28   12    4    4    4   12   12    4  117  127   95   67   99   53   43    3   27   12   12   12   12    6    6    4  100   97   97   97   71   15   12   12   12    4   12   12    4    4    4   12   12   12   12    4    4    4   12   12   12   12   12   12    4   14   46   60  174   14   30   62   96   67  111  156  140  156  188   12   47   63  158  150  150   22   30   28   28   22   28   12   30   30   55   62   22   63   58   49   30  127   87   31   28    3   67   99    7    3  131  130  128  193   65   65  225  128  128  128  128  225   65   64   65  224  128 
 224  128  128  128  128  193   65   64  225  128  128  160   97   99    3   65   65   30   12   12   12   12   12   12   12   12   12   12   28   28   62   35  115  107   12   14   30   28   12   12   15    6    6   12  124  127   55  113   67   75  175   62   12   30   30  142  140  134  119    6   28   28   12    4    4   12   12   12   12   28   28   12   12   12   12    4   12   12   12    4  116  111   15   12    4    4    4    4   12   12    4   20   28   12   12   12    4   20  156   30   31    5   28   28   20   28  156   29  156  142   30   30   63   65   65  225  131    3    3  131  128   65   65   65  241  128  128  128  128  192   65   64   65  160  128 
 224  128  128  128  128  193   65   64  193  128  224   96   96  115   99   65   65   63   60   28   28   12   30  127  126  156    6   30   28    6   60    1   97   59   28   12    4   12   12   12   14    2    6    6   12   14   54   51    3   67  225  158  222   95  123  162  128  128  176  180  148  144  132  132  132  140  156  156  156   54   50   30   28   28   31   12   12   12   12   60   37   31   45   60   28   28    4    4  148   30   30    4   12   12   12   12   12   12    4    4   12    4   12   12    4    4   12   12   12    4    4   12   61   65   65  193  131    3    3  131  128   65   64   64  241  128  128  128  128  193   64   64   65  161  128 
 225  128  128  128  128  193   65   64  193  128  224   96  224  193  193   65   64  225  112  116   12   12   12   15   71  132  130  146  146  130  178   65   65   51  188   28   28   12   12   14   46    2    2    6    6    6   22   83    1   67  247   62   22   62  119  225  128  128  128  128  128  128  128  128  130  130  128  128  144  146   54  190  156  144  151  156  156  140  140  115   35    3   23  210  134   30   24  189  179   55  187  152  132  140  140  140  140  140  132  132  132  132   60   44   12   28   28   30  142   12   12   12   29   65   65  225  128  131    3    3  130   65   64   65  225  128  128  128  128  193   65   64   65  193  128 
 195  128  128  128  128  225   64   64  192  128  224   96  224  128  225   65   65  193   97  113  125   77   79   67   97  160  128  128  128  128  162   64   65  225  225  112  116    4   12   15   71    3    3    6   14   14    6    3    3   87   22   54   54   24   19  187  156  156  156   28   28  156  140  132    6   12   12  140  156  138   62  184  151  135  142  142  144  144  144  243   67   67  113  160  190   22   22  150  128  128  128  128  128  128  128  128  128  128  128  128  128  128  164  132  140   28  152  150  134  128  128  160   97   65   65  225  128  145   17   35  162   65   64   64  193  128  128  128  160  225   65   64   65  224  128 
 195  128  128  128  128  225   64   65  193  160  224   96  224  128   97   65  225  193   67   71  119  118  119   96   97  160  128  128  128  128  225   65   65   97   97   97  101   60  125   91   67  199    6    6   12   12    4    2    7    7   12    6   51   63  119  123  112   52   12   12   12   12   12    4    4    4   12   15   79   44   12    6   63   63   14  140  156  148  156   95   93  119  119  188   52   22   62  190  168  150  150  152  152  140  132  132  134  134  140  140  140  148  148  152  140   30  223  132  132  148  150  215   97   65   65  193  128  144  241   97  163   97   64   64  193  128  128  128  160  225   65   65   65  224  128 
 192  128  128  128  128  193   64   65  225  160   96   96  192  128  225   65  193  193   71    7    4    4   52  116   99  128  128  128  128  128  225   65   65   99   65   67   79   28  125  101   97  195  131  134  132  134    6    3   51   62   62   67   97   35   49   65   96  102   12   12   12   12   12   14    6   28   12   31    1   61   15  102  116  116   12   12   12    4    4   28   28   54    4   12   15   63   12   14  127   60   28   12   12   12   12   12   12   12   12   12   12   31   30   95   14   15  111   28   28   28   30   30  103   64   65  193  128  128  224   97  195   65   65   65  193  128  128  128  128  225   65   65  113  193  128 
 161  128  128  128  130  195   65   65  224  224   96   96  224  166   67   65  193  129  135   62  158   12   46   55  243  128  128  128  128  128  241   65   65  160   67    7    7    4    4  116  113  194  128  128  128  128  146   65   97   98  118    3   15   12   14  102   96   95   28   12   12   14   12   31   67  124   60  115   65  127   31  103   96   66   14   12   12    4   12   12   14   54   60   30   71   99   11   63   97  112   62   12   12   12    4   12   14   46   44   12   31   71  127   14  111  124  124   12   12   12   12   12   60   96   97  193  160  160   48  176  208   64   65   65  193  128  128  128  128  193   65   65   65  193  128 
 161  128  128  128  130   99   65   65  224  224   96   96  160  228   99   67   71   13   12   14   14   28  125  111   15  134  132  140  140  188  117   97   65  230  135   12  140   12  109   37  123  240  128  128  128  128  178   65   65  227   35   23   30    4   12   60   60  123   28   12   12   14   20   89   65  112   62   97    7   12   12    4  116   99   31   12   12   12   12   28   31   51   62   63   67  127   31   61  117   96  110   12   12   12    4   12   31   35   36   12   17    1   51   63   67  112  124   12   28   28   12   28   61  121   96  121   56   48   48  176  208   65   65   65  225  128  128  128  128  225   65   65  193  128  128 
 177  128  128  128  128   97   64   65   97  226   96  224  128  224   97   35   54   12   12   12   12   12   30   30   28   12   12   12    4    4   53   33   69   46   14   12   12   12  125  119  127  191  132  140  140  140  189   97   99  127  140  207   60  172  174    6   20   28   28  142  132  132   20   87   97   96   62  127   14   12   28    6   62  115  159  132   12   12   28   28    1   97   98   39    7   15    4    4  116  112   71   14   12   28   28   28   57   97  103   62   51    7   47   15   93  113  103   20   28   28   28   24   49  113   96  108   28   56  176  176  192   65   65   97  225  128  128  128  128  225   65   64  192  128  128 
 177  128  128  128  128   65   64   64  115   98   96  224  128  225   97   97  127  188   12   12   28   28   71  119   60   12   12   12    4    4   61   97  101   12   12   12   12   12   30   54   30   12   12   12   12   12   12   52   51   47   12   12   12   12   12   12   12    4   12  140  132  140   12   47   99  127   28   12  140  142  156   63   99  103  143  140  140  132  156  188   65   65   71  151  158  175    7  132  150   62   92   12   12   12   12   28  117   65   65   54   55    6   12   12   12   60  113   28   28   24   24  120  112   97   64  172  156  152  128  128  160   64   64   65  225  128  128  128  128  225   65   64  193  128  128 
 161  128  128  128  128   97   64   65  113   96   96  224  128  129   65   65   97  176  128  132  132  144   65   97  227  128  128  132  132  148  213   97  101  172   12   12  140  140   79  115   53  172   12   12   12   12   12   54   99  111   12   12   12   12   12   12   12   12   12   12   12   12   12   47   99  119   28   12   12   12   12   62   50   62   28   12   12   12  140   44   32   97  127   14   12   30   30   12   55   62   30   30   28   12    4   20  109   97   99   62   28   12   28   31   22   28   24   28   20   24   26  112   97   65   64  193  128  128  128  128  225   65   65   65  193  128  128  128  128  193   64   64  193  128  128 
 128  128  128  128  128   97   64   65   97   96   96  160  128  193   65   65  225  128  128  128  128  128   65  225  160  128  128  128  128  128  192   65   97  193  128  128  128  130  195   97   97  161  144  144   20   12   84   97   65  225  128  128  146  146  150  158  140  140  140   12   28  156  188   31  115  119   60   20   14   12   12   14   54   54   12   12   12    4   12   12   35   35   29   12   12   12   12   12   20   14   14   28   28   12    4    4  111   99   39   28   12   12   28   28   28   28   20  148   28   28   30  117  125  113   65  193  128  128  128  128  225   65   65   65  193  128  128  128  128  193   64   64  225  128  128 
 128  128  128  128  192   65   64   65   97   96   96  128  128  192   65   65  243  134  132  134  134  134  103  193  128  128  128  128  128  128  224   65  193  129  128  128  128  128  193   65   65  193  176   48  148   79  229   65   65  227  128  128  128  128  128  128  128  128  132  132  144  128  144  115   65  225  240  150  134  134  132  105   97  227  174  156  132  132  142  238   66  115  253  156  158  158  156  156  140  140   28  156  140   20   12   12   75   99  109   12   12   12   12   12    8   12   12   12   12    4   12   12   63  113   65  192  128  128  128  128  193   64   65   65  225  128  128  128  128   97   64   64   97  128  128 
 128  128  128  128  160   65   65   65   96   96  224  128  128  192   64   65   71   14    4  140    4    4   76  204  132  140  140  148  156  156  113   64  225  145  148  132  148  148  227   65   97  225   51   50  182   71   97   64   65  225  128  144  146  130  168  248  115  193  128  128  128  128  130  227   65   65  193  128  128  128  128  225   97  225  128  128  128  176   33   65   65   65  193  128  134  134  128  128  128  128  128  128  132  148  144  144   89   65   97  158  156  156  140  140  237  125  157  156  156  132  236   60   91   65   65  209  128  128  128  128  192   64   64   65  224  128  128  128  128  101   64   64   97  128  128 
 128  128  128  128  225   65   65   65   96   96  224  132  132  208   97  103    7   14    4   12    4   12   12   12   12   12   12    4   12   12  124  115  115   28   60    4   28   28   94   65  113   63    6    4   36   60  121   96   97  236  132  150   22  142  205   96   97  209  132  148  150  150  178   99   65   67  129  144  144  140  144  241   65  195  128  128  128  240  113   97   97   97  225  128  128  128  128  128  128  128  128  128  128  128  128  147   83   65   97  130  128  128  128  128  225   97  209  128  128  128  224   56  121   65   64  193  128  128  128  128  193   65   64   97  128  128  128  128  128  193   64   65  163  128  128 
 132  132  128  128  193   65   65   97   97  112  213  132  132  241   97  127   30   12   12   12   12   12   12   12   12   12   12   12   12   12   28   30   14   12   12   12   12   28   94   83   55   30   12    4   12   28   60  119    7   44   14   12   12    4   14  124   83   13   12   28   28   28   28  100   97  123  140  156   28  140   30  115   65  207  140  132  132   48  113   97   97   97  241  128  132  132  132  160  160   97  225  128  128  128  128  147   65   65  225  160  128  128  128  128  193   65  225  128  128  128  224   96   64   64   65  192  128  128  128  128  225   65   64   97  128  128  128  128  128  193   65   65  225  128  128 
  12   12  140  132  198  111   77  109  109   85   30  140  142  239   97   89   95   14   12   12   12   12   12   12   12   12   12   12   12   12   12   14   14   12   12   12    4    4   28   30   14   12   12   12   12   12   28   28    4   12   12   12    4    4   12   12   12    4   20   28   12   12   12   60  125   79   12   12   12   12   12  126   85    7   12   12   12   14   52  127  113   15   27  148   20    4  132  188   58   67  255  156  132  140  140  140   97   65   35  162  128  128  128  128   96   97  163  128  128  161   97   99   67   64   65  224  128  128  128  128  225   65   64   97  128  128  128  128  160  225   64   65  193  128  128 
  12   12   12    4    4   12   12    4   12    4    4   12   12   12   60  113  113   60   20   22   20  150  148  186  188   20  132  132  140  140  140  140  142   14  140  140  132  140  140   28   28   28   28   12   12   28   12   12    4   12   12   12   12   12   12   12    4   12   28   28   12   12   12   28   28   12   12   12   12   12   12   28   20   12    4    4    4    4    4   28   20   12   12   12   12   12   12   28   30    6   12   12   12   12   12   12  120  119    7   14   12   12   12   12   46   33  189  140  140   28    6   30  120   96   65  224  128  128  128  128  193   65   64   96  128  128  128  128  225   96   64   65  193  128  128 
 140  140  140    4   12   12    4   12   12   12   12   12   12   12   28   56  112  168  148  148   16  144  128  128  144  144  128  128  128  128  128  128  128  128  128  128  128  128  128  240   48   24   28    4   22   28   28   12   12  188  156   28   12   12  156  140   28   28   28  156  132  140   12   28   28   12   28   28   12   12   12   12   12   12   12   12   12   12    4   28   30   14   12   12   12   12   12   12   12   12   12   12    4   12    4    4   28   22    6    4   12    4    4   12   28   22   14   12   12    4   12   28   56  113   64  192  128  128  128  128  193   64   65  193  128  128  128  128  193   65   64   97  225  128  128 
 128  128  128  128  148  148  148  148  132  156  156   22   30   12   28  152  176  128  148  148  144  144  128  144  144  128  128  128  128  128  128  128  128  128  128  128  128  128  128  241   48  112  116   54   50   22  148  140   52  176  128  128  128  128  128  128  128  128  128  128  128  128  130  128  128  132  148  144  144  156  132  134  140  140  142  230   60   60   62  141  133  180  188  140  142  142  140   12   28   28   12   12   12   12    4   12   12   12   14   12   12   12   12   12   28   22   14   12   12   12   12   12  126   64   64  193  128  128  128  128  193   64   65  193  128  128  128  128  129   65   64   97  225  128  128 
 128  128  128  176  148  134    6  144  128  128  144  144  148   28   28  156  156  152  136  128  128  180  188   30  152  144  128  128  140  164  176  144  134  134  128  128  128  128  128  224   32   48   96  112  176  128  128  128  128  128  128  128  128  128  128  128  128  128  148  148  128  128  128  128  128  128  128  128  128  128  128  128  128  128  130   99  115   54  176  128  128  128  128  128  128  128  132  132  140  142  134  144  156  140  132  140  156  140  134  132  140  140  140  140  140  140  140  132  172   60  126    7   71   64  112  140  140  140  132  132  193   65   65  197  148  148  148  144  193   65   65   65  230  136  128 
 132  140  140  188  178  179  129  128  128  128  128  128  176   48   60  148   24   24  152   28   30   30   28   30   24  152  130   22   22  134  148  156  150  158  152  146  152  152  132  112   96  113   96  224  144  128  128  128  128  128  128  128  128  128  128  128  128  128  148  148  128  128  128  128  128  128  128  128  128  128  128  128  128  128  128  128  147   54  182  128  128  128  128  128  128  128  128  128  128  128  128  128  128  128  128  128  128  128  128  128  128  128  128  128  128  128  128  128  227  120   62    3   67   67   79    4    4   12   12  140  205  125  119   95   12   12   12   12  205  125   83   79   79   14  156 
  12   12   12   28   48   51   14   12   12   14  140  140  156   52   22  134  190  127   58  158   14   30   28   28   24   16  144   20  159   14   12    8   12   12   28   14   28  152  148  112  113   96   96  224  128  128  128  128  128  128  128  128  128  128  128  128  128  128  128  128  128  128  128  128  128  128  128  128  128  128  128  128  128  128  128  128  130  134  134  128  128  128  128  128  130  130  146  144  128  128  128  128  128  128  128  128  128  128  128  128  128  128  128  128  128  128  128  128  240   96  114   19   71   15   14    4    4   12   12   12   12   28   20   12    4    4    4    4    4   28   20    4   12   12    4 
  30   28   30   28   25   27   31   28   28   12   28   12   12   54   22    6   62   56   62  134    6   28   28   28   28    8   24   22   30   28   30   14   14  158   28   12   12   12  188   48   48   96   96  224  128  128  128  128  128  128  128  128  128  128  128  128  128  128  128  128  128  128  128  128  128  128  128  128  128  128  128  128  128  128  128  128  128  128  128  128  128  128  128  128  130  130   18  144  128  128  128  128  128  128  128  128  128  128  128  128  128  128  128  128  128  128  128  192  224   96  120  123   69  231  134  140  140  140  142  158   28   28   12   12   28   28   12   12   12   28   28   28   30   12   12 
  18  119   60   28   58   31   29   28   28   30   16   60  188    6   22  182   59   59   62   30   15  189   24   28   20   24   28   24   22  158   26   30   30   30   23  158   12   28   28   52   57   97   96  192  128  128  128  128  128  128  128  128  128  128  128  128  128  128  128  128  128  128  128  128  128  128  128  128  128  128  128  128  128  128  128  128  128  128  128  128  128  128  128  128  128  130  178  176  128  128  128  128  128  128  128  128  128  128  128  128  128  128  128  128  128  128  128  224   96   96  126   59    1  177  128  128  128  128  134  150  144  128  132  132  144   22    6   30  156   28   28   30   30   28   12 
 229   85   52   28   62   39    6   28   28   31    7   30   31    7    4  182   60   31   56   28   62   52  158   30   24  158  156  156   18   26   30   30   30   26   22  150  156   24   30   22  125   97   96  224  128  128  128  128  128  128  128  128  128  128  128  128  128  128  128  128  128  128  128  128  128  128  128  128  128  128  128  128  128  128  128  128  128  128  128  128  128  128  128  128  128  128  128  128  128  128  128  128  128  128  128  128  128  128  128  128  128  128  128  128  128  132  130  192   96  120   63  115   97  209  128  128  128  128  128  160  160  176  128  128  128  128  132  132  152   28  132  148  148  148  140 
  60   60   60   28   60   55   28   28   31  111    7    7   23   22   20  158   12   24   28   30   60   16   26   63   24  143  150   20   23   30  150   30   60    6    6   28  182   54   22   46   98   96  224  128  128  128  128  128  128  128  128  128  128  128  128  128  128  128  128  128  128  128  128  128  128  128  128  128  128  128  128  128  128  128  128  128  128  128  128  128  128  128  128  128  128  128  128  128  128  128  128  128  128  128  128  128  128  128  128  128  128  128  128  128  128  156  167  229   97  125   29  127   99  206  132  140  136  140  140   60   48  115  160  128  128  128  128  128  240  119  163  128  128  128  128 
  60   52   62   62   62   22   28   30   31  111   71    6   22   30   30    6   28   26    6   30  182   24   26   63   30   15  134  149  151  150  151  159   62   30   14  156  166   38   38   39   97   96  160  128  128  128  128  128  128  128  128  128  128  128  128  128  128  128  128  128  128  128  128  128  128  128  128  128  128  128  128  128  128  128  128  128  128  128  128  128  128  128  128  128  128  128  128  128  128  128  128  128  128  128  128  128  128  128  128  128  128  128  128  128  128   55   54  114   32   54   30   79    7    4    4   12    8   12    4   60   51   31   12  140  140  132  140  140  252   99  143  140  140  140  140 
  60   28   14  126   62    6   31   70   38    6    6   14   30   22    6   30   24   22  150  158   36   30   30   30   28   62  158  132  148   87   95   31   28   30   30   60  132  148  179  163   96   97  225  128  128  128  128  128  128  128  128  128  128  128  128  128  128  128  128  128  128  128  128  128  128  128  128  128  128  128  128  128  128  128  128  128  128  128  128  128  128  128  128  128  128  128  128  128  128  128  128  128  128  128  128  128  128  128  128  128  128  128  128  128  128  134   52  112   99  123   14  142    7   31   30   12   60   60  156   28  159   31   12   12   12   12   12   12   60   55   15   12   12   12   12 
  62   60   14   31   22    6  126   98    6    6   54   60   30   30    6   54   60   14  148  142   54   20    6   26   24   62  156  160  183   23   60   62   30  130  144  178  150  148  128  161   97   65  193  128  128  128  128  128  128  128  128  128  128  128  128  128  144  144  128  128  128  128  128  128  128  128  128  128  128  128  128  128  128  128  128  128  128  128  128  128  128  128  128  128  128  128  128  128  128  128  128  128  128  128  128  128  128  128  128  128  128  128  128  128  128  128  224   96  112   24   28  148  130   47   38    6  166  128  144  144  147   51  183    7  142  140  156   30  164   62   14   28  156  142  158 
  50   38    6   23   55    6  102  111   15   14   31   31   26   12   28   62   56   12   12   62  182   38  188   55   87   21   26  176   48   48   56   54  182  130  128  130  154  152   22  183   97   96   81   22  134  140  140  132  128  128  128  144  148  132  128  128  144  146  130  130  128  184  191  135  128  128  128  128  128  128  128  128  144  152  128  128  128  128  128  128  128  128  128  128  128  128  128  128  128  128  128  128  128  128  128  128  128  128  128  128  128  128  128  128  128  128  224   96  122   30   28  156  128  182   54  118  166  132  156   20  150   23    6   31  158  160   28   30  150   54   30   28  148  130  150 
  54    6   30   30   55    6   14   14   61  156    4   23   26   60   28   60   28   12   28   24  150  148  156  148  159   31   62   28  183  184   24   49  181  128  128  132  156   56   54  126  123  119  152  156   28   12   12    4  132  128  128  144   20  132  128   16  144  146  130  130  128  190   63  167  128  128  140  140  128  128  132  156   24   30  134  130  128  128  128  128  128  128  128  128  132  132  128  128  128  128  128  128  128  128  128  128  128  128  128  128  128  128  128  128  128  176  112   96   61   60  188  184  132  132  146   26  142  132  148  148   22   23    6  182  130  189   27   62   52   38   30  144  128  128  148 
  55   30   30   30    6   22   28   14   38   14   28   54  174  156   28   30  134  140   12   14   28   24   31   20   60   59    6   28  187  190   48   55   30   18  156  150   30   60   63   63   63    3  158   24  158  158   28    4  132  128  144   16  150  134  148   20  144  128  128  152  146   30   46  166  156  152   28   14  134  128    6   22   28   30  134  150  148  150  150  140  152  156  132  134  132  140  132  148  150  142  156  152  140  132  132  128  128  128  128  128  134  150  144  144  144  176   32   96  163  188  151  131    7  180  158   30  156  132    6  144   22  134  132  142   10  159   23   62   54   14   30  180  128  128  128 
   4   14   28   12  127   22   20  158   62   30  156  166   54   28   28  157   28   12  140   30   28   24   30   28   30    6    6   62   62   62   60  182   14   24  125   30   30   62   61   31  135  151   14   12    4  148  148  132  132  128  148  148  156  146  158   28  156  132  134   22   22   22   20   22   60   30  158   14  134  144   22   22   30   12    4  148   16   22   22   28   24  156  150   30  158  142    4  150   22  140   28   28  140    4  148   20  128  128  128  128  134   22  148   20   28  176  112  123  154  159    4    7   30   60   24  144   20  132  132  132  148  150  166  172    6  134   18  149  149  142   30  181  129  128  128 
   4   28   28   28   30   14   62   23   54   62   22    6   47   56   30  143   30   30   28  150  158   30  150   28   28   52   60   56   30   28   58   22   19   24  255  127   30   55   20   30  158   18   30   30  148  132  128  128  128  128  132  134   22   22   30    4   28   20   23   47   62   55    4   20   60   22   30   30    6  146  150   22   20  132  148  148   28  156  156  150  156  156  156   28   30  134  144  150  134  132   28   20  148  156   30  150  128  128  132  140   12  148  148  132    4   52   48   38    6  170   27  190  188   56  176  176    4    7  131  128  128  134  167   55  150  128  130  132  132  132  132  129    2  158  156 
 191   60   62   60   30  167   38    6   30   60   62   23    7  176  190   30    6   31   24  140  132  134  134  166  156  156  188   24   62   28   30   22   27   60  142  143  134   23    4   30   30   20  150  150  148  128  128  129  129  130  130  134  134   30  152  148  132  150   19   15   28   25   23    4   28   28   30   86    2   18   28   30   22    6   22   20   28   28   14   30   28   30  158   62   22   30   22   30   30   22  150  150   12   28   22  134  134  128  148   12   12  140  132  148   52   52   56   14  135  135  131  131  179  176  176  128  132   23   55  161  128  132  135  147  148  128  128  128  128  128  128  128   30   12  156 
