1
0 1
OK
0
5 151 63 9513 -2147483648

  54   62   12   28   28   12   93  113  235  193   65   65  103   39  183  195   97   65   65   69  133  143   14   28   28   30   14   28   58  123  110  109   47   30   12   12   12   28   28   28  172  121   65   65   99  115  113   65  103   61   60   28  156   31   15   28   28   12   28   14   12   60  127   71   12   28   61   45   25   25  123   97   97  113   23  115   65   71  111   14   12   12   12   12   12   12   12   12   12   12   12   12   12   12   12   12   12   12   28   28   28   57  113  235  150   34   33   67   79   12   12   12   12   12   12   12   12   12   12   12   12   12   12   12   12   12   12   12   12   12   28   93  121  121  156  117   97   67    3   15   12   12   12    8   12   12   12   12   12    8    8 
  62   14   12   12   12   12   60   60   28   60  113  113  103    6  119    3    3   65   67   95   12   12    8    8   12   12   12   12   12   12   12   12   12   12   12   12   12   28   28   12   12   60  113   97   99   99   35   67   15   12   12   12   12   12   12   12   12   12    8    8   12    4   28   28   12   12   12   12   12   12   12   16  113  113   23  227   67    7   14   12   12   12   12   12   12   12   12    8    8    8   12   12    8    8   12   12   12   12   12    4   12   28  121  123  179   59   35    6   14   12   12   12   12   12   12   12   12   12   12   12   12   12   12   12   12   12   12   12   12   12   12   60   56  123   62  115  103   99    6   14   12   12   12   28   28   12   12   12   12   12   12 
  12   12   12   12   12   12   12   12   12   12   56  112  111   55  111   57   51   67   15   14   12   12    8    8   12   12   12   12   12   12   12   12    8   12   12   12   12   12   12   12   12   28   56  112  115  103  115   14   14   12   12   12   12   12   12   12   12   12   12   12   12   12   12    8   12   12   12   12   12   12   12   60  112  113   22  223   71    6   14   12   12   12   12   12   12   12   12   12   12   12   12   12   12   12   14   14   14   44   44   60   28  124  124  114   19  147  231    6   14   12   12   12   12   12   12   12   12   12   12   12   12   12   12   12   14   14   30   30   30   28   61   60   56   63   58   63  254  118    6   12   28   28   28   28   28   12   28   28   28   28   12 
  12   12   14   14   12   12   44   60   12   12  124  112  127   54   62   60   54   39    6   14   12   12   12   12   12   12   12   12   12   12   12   12   14   14   30   30   28   60   28   28   12   12   60  125  118   38  118   15   30   28   12   28   28   28   12   12   28   28   12   12   28   28   12   14   14   62   30   28   60   56   62   60  126   65    7   23   22    7   22   28   12   28   28   12   12   28   28   60   60   60   14   12   28   61   14    2   14   62   48  120  124   28   62   38  131  240  147   31    7   28   30   31   31   12   14   12   54   27   61   62   30   14   22   30   15    3   83   22   39   52   51   49  116   38   87   30   63   63   52   61   23   15   31   62   22   22   30   30   58   63   28 
  12   29    7    7   62   60   48  120  125   12   28  124   59   62   18  150  150   55   38   62   28   28   28   12   28   30   30   60   60   28   28   60   46    2    6   62   60   49   53   30   62   62   30    6   22   54  119   62   60   62  126  111   28   60   28   60   55  123   63   63    6   62   47   55    7    6   30   28   48  115   30  174  190  243   55  179  182   23   23   32   62   63   28   22   20   30   31  113   51   62   22   50   48   54  135    6    6   20   56   56  102    7   39    7  103  130  165   99  110  159  159   19   23   22   38   38   30   31  119  115   15   30  150  118   39   19    7    6   61   56   32   50  113   62   30   22  115   99   62   55   55   62   60   30   54   54   62   63   31   62   22 
  14   61   19    7   54   60   56   48   54   62   62  182  166  182   16   20   62   48   48   55    6   30  127   58   54   54   22  114  116   54   26   60   49    7    6    4   28   48   53    3   62   62    7    7   23    6   23   38   53   63  126  124  156   28  180   62    7   35   33   51    7   31   30   55   23    6   12   28   24   31   61   63   28   24   62   52   22    6   23   60   47    7   31   22   52   62   23   19   18    7   26   30   63   55   55   38    6   62   30   26   18    6   22   23  174  134  166  103   76   30    6   19    3    6   55   55   60   30   71   63   63   36  166   38   51   19   23    6    4   12  126  119   54   18   52   54   54   38   46   54   55  125  125   54   54   63   47    7   31   18   54 
 180  145   51    7   14   28   28   57   24   62   38  118   54  150  158   53   61   60   28   55    6   31   62   58   62    6   30   31   61   28   34   46   54   31   30  156  190   62   23   55   59   94  119  182    7    3  150  166   54  182   48  180  151  182   52   35   87  127  179   51   38   62   32    6  182    6   54   18  112   31   61   55   28   12  175  166    6  118   55   23   63   11   63   52   52   55   19   62   29   71   94   31   15   30   63   62   61   39    6  103    6   63   54    6   14   46   62  150    7    7   39   51    3   47   55   51   54   54   63   31    3   54   55   51   59   18   54   54   55   63   47   38   30   38   35   39   38  255  127   14    2    7  119   55   39   23   15   55  127   62   58 
 132  132  134  134   62   22    7   25   56   58   36   52   58  144  159   23   58   22   28   61    7  159   30   60   56  190   30  158   30   62   50   35   39   30   62  158  190   54   19   35   39   16   55   55   19   19  150  162   47   62   52  176   50   55   38    7  119  119   99  113  127  127   39  115   22   20  150  116  127   14   30   55   52   38  127    7   39   39   63    6   30   31  183   49   53   21    3    7   39   39   22   31   31   30   50  174  190   31   54  103    6   63   31   31   87  111   30    6    3    3  103  115   54   55   50   22   38   54   62   62   23   55  119   30   55   55  119   55  135  146  190   63   54   55   29   30   63  250  126   15    7    6  118    3   38   39    7   55   63   63   26 
 134  150   23  131   59   54   54   62   63   46   60   28   30  178  164  166  130   54   57   30   62  175   31   63  166  150   28   29  124   62   60   49   39   19   49   60   28   54   51   35   62   22   18    6   18   18  135  131  166  190   22   16  182   23   31   63   50  185   36  114  184    6   39  103   15   19   19   51   62    6   55  127   60   50   38   22   54   54   55   63   22   30   54   50    6   55   51   51   51   38    6   30  123   62   63  255   27   62   54   63    7   35   39   50  115   94    6   54   55  243  243  167    6   62    6    7   39   62   63   27   87   87   86   22   59   31   63   22  146  148  166   62   15  151  190   44   56   54   51   23   15  151  164  174   54   59   87   51   62   62   38 
  44   24   30  174  166  178  148   20   30   10  188  120   60   39   39  165  157   61   50   26   59   99   67   67   30    6   30  126  124   52   63  182   35    7  118  119   54   54   38  167   61   22   18  150  178   59   19   14  166   58  146  146   18   19    3   31  154  158   36   63   60   28   30   53   14   55   35   63   62    7   23   79   26   56   62   62   54  103    7   31   30   87    6  178   15   31   55   23  181   62    4   55  119   39    4   62   14   86    6   28  127  143   31   22   98  118   54   54  182  131  103   39    6   62    6    7    7   38   51   39  118  119  119  103   59   30  127  119   18  150  158   31   31   31   30   63   54   36   39   14   14  103   55   48   16   62   19   19  186   15   30 
 182   26   28   28   22  130  176   58   14  131  163   99  187   47   36    5   61   62   30   18   19   19  115  195   23  119   83   22  182  176  184   62   54   54   20   48   62   54    4    7   55   51   22  182  132   23   51   34  135  166  166  162   55   55   51   39    6    2   42   55   28   62  119   55   15   47   46   62   14   39    3    3   22   18   42   22   54  111    7   23   50  119  151  151   71   95  150    7   17   23    7  119  115   19   63   54   22    6   38   61   57   62   30   22   21   35   62    4  190  159  111    7   35  183   15    3   39   38   51   55   62   51   99  115   18   38  124   30  151   22  119   30   30   30   82  227  166   62   54   62    7  103   23   48   60   30    6   23    7  135   15 
 134  182   62   62   18  141  177   54   54  162  226   98  190  126   54  183  190  119   55   55   18   62   30   55   23  119   70  131   55   55  158   62   62   62   54   52  127   31   30   14   54   52    6   54   52   21   39   39  151  178  179  179   62   20    4   55   55   23   58   60   30   54   31   63   61   12   60   62   38   38   31   55   62   26   50   58  180  124  127   47   38  179  151   22   30   87   31   31   63  103  103   67   71  119   15   10   30   31  149   31   59   51   22   30   53   54   54   54  151   22    7   22   63   28    6   38  101   71  147  183   46   55   31   54   38   54   50   58   62    6   52   62   63   95   31  134  178   54   34    2    7    4  245  188   60   30    2    7  143  156   14 
 134   39   32   54   18  159   19  119   55  183  119  125   55  118   52   63   39    6   55   23   60   28   30    6   30   62    6   31   26   31   30   54   46   28   23   22   16  120   31   22   58   60   15    7   54   22  119   54   23   22   14   46   55   22   54   38   54   54   54  178   30   54   58   62   54   14   61   63    6   34  111  119   62   60   54   30   52  102  127   15   63   56  158   22   26   28   61   28   30   95  111   39    6   38   22   54   62   22   54   38  118   35   99   47  182  182    6  103   22   22   27   87  119   23   30   50   31   71  123   30  102  114   31  148   20  150    6   54   52  149  183   38   47   86   22    2   54   55   39  147    6   69   85   61  176   22    3   39   31   30    3 
  28   53   55   55   23   22   54  163   55   62   61   31   22   54   38   55   63   60   20   20   31  149  158    6   30   60    6   31   95   62   28   22   54   62   23   31   29   31   22    6    6   14   30  150  184   63   54   55   55    6   14   14    3   99   22   22   22   54    6  118  126   62   62  103  126   30   30    6    6    7  115  117   28   60   30   95  119    7    6   62   28    8   30    7   62   60   62   14   30   30   14   51  119   54   23   55  117   61    6   39  103   39   35    7  183   38   39   39   54   28   27  119   54   23   26   26   30  119  121   22   23   22  119   27   28  146  140  190   60   62   46   15    7   14   30   63   63    6   39  179    7  167   23  163   62    6   22   54   54   14   31 
  20   20   54   55    3    6  227  151   22   61   60    6   51   55   46   60   56   59   19   27   59   52   62    7   19   60    3   31   38   54   16   18   18   54    6   23    3    7   23    6   54   30   30  150  191   63   58  126  126   30   63   30  127  126   23   23  175   15   14   30   60   47   14   15   31   62   62   14   62   46   12   38   31   60   60   60  116  102   30   62   62   30   62   30   31   63   60   12   22   15   30   60   30   14   61   61   31   60   22   15   61   95    6   15  111    7   62  160  180  119   30   28   28   12   12   12   12   28   28   12   28   28   12   12   12   12   12   12   12   12   12   12   12   12   12   12   12   62   51   63   51   39    7  179   38    7   22   16   52  180   63 
 164  134   55  179   35  174   51    6   22   27    6    6   55   53   60   14   44   13   15   15   62   28   28   13   15   46   15   31   28   46   12   12   12   12   30   28   12   31   28   12   46   54   14   12  176   52   28   28   28   12   12   12   12   28   12   28   28   28   28   12   12   12   12   12   12   12   12   12   12   12   12   14   14  119   54   54   62   56   28   28   28   12   12   12   12   12   12   12   12   12   12   12   12   12   12   12   12   12   12   12   12   12   12   14    6   63   60  164  184   48   56   24   12   12   12   12   12   12   12   12   12   12   12   12   12   12   12   12   12   12   12   12   12   12    8   14    6   55   63   15   23   23   54   23   34  178   30   54   52   55  151 
  14   51   63   23   39   62   55   55   55  254   50  118   50   51   60   28   12   12   12   12   12   12   12   12   12   12   12   12   12   12   12   12   12   12   12   12   12   12   12   12    7   67   39   28   63   48   56   28   12   12   12   12   12   12   12   12   12   12   12    8   12   12   12   12   12   12   12   12   12   12   12   15    7  115   30   54   50   48  112   56   12   12   12   12   12   12   12   12   12   12   12   12   12   12   12   12   12   12   12   12   12   12   12   15    7  125   31   14  123   48  112   48   28   28   12   12   12   12   12   12   12   12   12   28   30   12   12   12   12   12    8   12   12   12    8   14    7  115   95   62   55   31   31    3   18   50   62   18   28   54   62 
  15   51   31    6    6    4   38   55   23   35   38  118   55   52   56   60   12   12   12   12   12   12   12   12   12   12   12   12   12   12   12   12   12   12   12   12   12   12    8    6    7    3  127   31  127  112  112   56   28   28   14   12   12   12   12   12   12   12   60   30   31   12   12   12   12   12   12   12   12   12   30   71   67   35   31   15   99  113  113  121   60   62   14   12   12   12   12   12   12   12   46   62   31   13   12   12   12   12   12   12   12   12   14   71   71    1   27   63   99   97   97   49   48   50   14   79   45   60   60   28   29   14  109  126   62   95   12   44   61   62   31   12   77   85   60  103   65    3   67   51   55   22  190  187   51   54    6   54   28   62   43 
 115    1   39   52   55   23    6   71  123   61   60   28  101  113  113   61   60   62   14   14   28   12   12   28   30   12   12   12   12   44   44   28   30   22   30   14   30   12   79   71   65    3   59   59   99  113   97   49   48   34   10   31   28   28   30   15   45  103  125  127   31   47   14   62   58   31   31   30   63   31  119   67   65   67  107    9   65   65   65  113   50   35   39   79   63  124   62   14  127  108   99  119   87   95   15    7   62   63   63   63   60  126  111   99   65    3  127   63   97   65   65   97   99   35   99   99   33   48   48   23   51   34   97  119  127   99   71  118   33   54   63   15    3   19   50   97    1    1    3   99  103    6   22  119   99   22   30   63  127   30   19 
  97    1   35   58  147  183  118   65  127   24   56  184   65   65   65   97  113   54   67  125   62   31  122   54    6   87   19  122  106   43  127  124   23   51   54  102   50   30    6   67   65    3   63   51   67   65   65   97  115   51   99   99  113  112   50    3   55  249   67  119   49   38   38  102   35   19   15   55  113   97   97   65   65   67   99   99   65   65   65   99  115   51   99   99  118   48   38    2   99   99   67   31  116   90   19   50   33   35   23   55   54   48   35   65   65   67   97   99   99   65   65   65   35   99   99   97  113   98   50   18   83  176   51   23  126  118  119  115   33   50   58   22   99   99   99   65   65   65    3  115  103    7  103    7    6   30   62   63  103   38   34 
  99   33   35   34  160  188   62  117   57   60   54   49   99   65   65   99  119  119   99   97  122   35  123   19    3  103  119  102  119   67   99  117   35   49  115   99   48   54   39   67   65   65    3   67   65   65   65   67   83   51  115   97   96   98   50   51  115   51   15   58   55   39  103   97   99   34  103   97  115   97   71   65   65   65    3   99   65   65   65   67   19   51  115  113  127   55  115   50  115  115   31   14   60   29   95   55   35   51   63   51   52  176  225   65   65    1   33   35   99   65   65   67   71   54   56  122   51   99  126   48  127   26   30   28   28   54    6   39   35  127  123    3  102   97   67   65   65   65   65   99  119   87    1   35    6   28   63   23    7   54   39 
  97   97   97   35   38   30   60   52   39   61   62   55  115   65   65   67    3   51  112   83  119   39  103   55   49  121   60   46  125   79  102   76   61   49   50   97   71   62   49  113   65   65   97  115   65   65   65   71   70   54   48  119   99  110  126  112  124   28   28   12   12    4    7    5   99   96   97   99   59   33   71   65   65   65   97   97   97   65   65   97   71   54  112   22   54  111  103  112   56   56   28   30   14    4   68   39   47  107  111   55  247  132  225   65   65   65   97   53   65   65   65   65   71   63   56    6  115   63   28  116  120   24  120   62    7    4    6    7   14   63  121   63   99   33   65   65   65   65   65   97   99   86  119  147   18   55   35    7   39  133    7 
  99    1    1   99  166  150   53   63  127   43   62   54  113   65   65   65  111   58   61   23   22   60   20   28  124   24    8   12    4    4    4   30   26   30   22   31    6   30   61  113   65   65   97  113   97   65   65   65   71   45   49  103   35   62  116  120   24   24  120  126   55   71    6    7   63  126   99  103  117    3   71   65   65   65   65   97   97   65   65   65  117   49   51   54   54   15   54   52   24   24   57   51    7    4    6    6   14   58    7   99  103    6  227   65   65   65  115   51   99   65   65   65  113   48   52  117   99   51   48   48   24   29  121   55    7   87    5    6    2   51   35    7   39   39   67   65   65   65   65   97   99   55   23   95  159    3    7   30   12   22   63 
  35   65    1   65  225  134  119   63   83   11   22   52   97   65   65   65  127  127  103    7   52  188   16   16   24   24   28   28   52   52   55    7    3   23    7    6   54   60  109   65   65   65   97   33   97   65   65   65  103   33   97   33   51  118   16   16   48  126  121  115  115  119    7    6    2    3   35    7   99   35   67   65   65   65   65   65   65   65   65   65   67  179   49  177  113   23   16   16   56  125   99   55  115  117    7    6    2    2    3   39  150  131   67   65   65   65   81   99   67   65   65   65   85   52   20   85  113   48   48   48  115  107   65    2   55  115    3    3    2    2    3    6  115   87   67   65   65   65   65  103   65  115   20  111  167   38    6   62   28   30  190 
  35   97    1   99  227  190  117  103   35   41  145  176   97   65   65   65  113   49   37   19   50   48   48   16   24   24  112   48   48   32   39  103    2    2    3    3  119  103   99   65   65   65   97   97   97   65   65   65   97  163   33   39   53   48   48   48  115   97   99   55  118   97   67   99    2    2    3   55   38  103   71   65   65   65   65   97   65   65   65   65   97   51   60  127   51   48   48  112  113   65    7   63  125   81    1    3    2    2    3    6  158  151   99   65   65   65   65   97   65   65   65   65   31   23   86  103  112   32   48   50   99   35  103   30   60   51    1    7    3    2    2   39   63  113   97   65   65   65   65  119   65  163  123   20   54   54   63    7   30  191  179 
  97   33   65   99    3   22  115  119  115   51  163  179   97   65   65   65  103  101  112   51   48   48   48   48   16  120   32   33   97   34   50   34   34    7    3   31    6   23   83   65   65   65   65   97   99   65   65   65   97  163  227   55   32   32   48  112   97   65    7   30  124  113   65   99    3    3    3  119  103  103  103   65   65   65   99   99   65   65   65   65   97  124   53   51  112   32   32  112   97   65   86   28   30   83    1    7    3    3    3    7   55   55   67   65   65   65   65   97   65   65   65   65  127   99  116  112   32   32  112  112   99    3   55   30   14   79  115   97    7    3    3    3   23  119   97   65   65   65   65   51   35   39   35   46    2   23   23   22   18   62   23 
  97  113   97   97   67   55   51   55   55   63   34   33   99   65   65   65   67  161   49   97   32   32   49  241  178   49   49   53   23   30   62   50   34    3    3   59   52    7   83   65   65   65   65   67   67   65   65   65   65   55  122  112   32   32   49   96   97   67   95   60  125  113   65  193  163    3    3    3   99  115   55   65   65   65   67   35   65   65   65   65   97  121   49  114   48   96   48   96   97    3   95   28   30   83   97   83   35    3    3    3   99  131   71   65   65   65   99   99   97   65   65   65  119  112  116   96   96   96   96  112  231    3    3    6    4  125  119   97   99   35    3    1    3    3    3   65   65   65   65   99  103   38    3    6    6   55   19   22  118  118    6 
  99   65   97   65   99    7   39   53   23   15   30  119   99   65   65   65   99  225   51   32   32   32  113   49   51   97   99    7    6   14   30   55   32   97    3   51  186  130   67   65   65   65   65   65   97   65   65    1   67  117  113   96   32   96  112   96  227    3   30   28  109  119  113  225  163    7    1    1   35  163  227   65   65   65   65   97   97   65   65   97   97  113  112   96   96   96   96   97   67    2   30   28   30   23  112   99   39   39    1    1   97  132  135   65   65   65   65   99   65   65   65   65  113   80  112   96   96   96   96  114  162  131    2   30   28    6   55   51   99   99    1    1    1   23    3   65   65   65   65  115  103   15   22   54   30   30   50   22  182   54   22 
  97    1   65   65   35    3   99  113   49   31  182  174   97   65   65   65   97  227   51   96   96  160  224   96  112   57   31   14    6    6   63   48   98   39    1   23  151  130   79   65   65   65   65   99   97   65   65    1   97   96  112   96   97   97   96  224  163  114   50   30    6   87  113   19  147  159   67    1   97  161  193   65   65   65   65   99   99   65   65   65   96   99   97   64   64   97   96  231   65  103   62   60   31    7   97  227   23   17    1    1  193  128  227   65   65   65   65   35   65   65   65   65   87   51  113   65   97   97   96  226   67   67   35   52  119    7   67   39    6  199   65   65   65   17   25   65   65   65   65  119  124  119  127   57   22   14   52   53  189   30   50 
  97   65   65   65  115   22   51  115   67   29   54   46   99   65   65   65  103   46   97   64   65  225  240  112   99   48   60   14    7  101  103   32  178  195    1    3    3  182  223   65   65   65   65   99   65   65   65    1   99   99   97   65   65   97   96  225  225  113  114   63   71   67   99  195  131  193   65   65  225  160  129   65   65   65   65   19   99   65   65   65   97  103   97   65   65   97   97  224   65   97  113  115   23   99   97  230    6  119   65   65  241  133  143   65   65   65   97   51   65   65   65   65   99   59   97   65   97   97   97  225  195   65   97   51   55  115  115  131  133  197   65   65   97   99   99   65   65   65   65  119  115   99  120   30   30  190   22   29   31   31   39 
  97   65   65   97  241  147   51   35   35   63  118   36   65   65   65   65  199  236   97   65   65   97  112   32   99  115  114   39   99   97   96  240  176  225   65   67   19   52   97   65   65   65   65  115   67   65    1   65   83   99   65   65   65   97   97   97   99   99  103   39  102   97   67  211    3  227   65   65  226  163   99   65   65   65   65   81   97   65   65   65   97   54   97   65   65   65   65  225   65   97   71  119  119  113   97  193  166  226   64   64  115   63   71   65   65   65   51  115   65   65   65   65   99  125   97    1    1   65   65  193  193   65   67    6   62  112  116   67  193   51   96   96   97  225   99   65   65   65   65  118   99   97  127   30  174   39   63    6    2  147  131 
  65   65   65   97  225  162   99   99   39  174   60   60   65   65   65   65  228  183   99   65    1   97  112  176  163    7    6   55  113   96   96  224  163  231   64   99  211  176  225   65   65   65   65   67    7    1   65   65   99   98   97    1    1   67   65  161   35  119    7   14   53  116   65  131   35   97   96   96   98   35   99   65   65   65   65   65   65   65   65   65  225  229   99    1    1    1   65  193  129   67   87   62   60   61   49  129  128  224   96   96  113   39   98   65   65   65   67   99   97   65   65    1   99   68   65    1    1    3   67  193  193   65   69   95   28   28  178   67  192  226   96   96  113   58   96   65   65   65   65  119  171   33    7    6  151  167   62    6    6  152  135 
  65   65   65   97   97   34   35   99  123  163   59  123   97   65   65   65   67   35   67   65    1   51   48  241  163    7   30   54   52   32   32  144  144   97   96   97   99  195  193   65   65   65   65  115   99    1   65   65  115  119  103    1    1    3  119  128  225   99  103  172  141   69   65  130  176   32   32   96  117   99   99   65   65   65   65   85   99   65   65   65  115  247    3    3    3    3   67  128  129   97   99   37  180  219   65  193  150   32   32  113  113  113   97   65   65   65   65   99   97   65   65   65   99   96   97    3    3    3  119  229  129    1   65   49  156  140  160   96  240  112   32   32  113   50  112   65   65   97   97  119  167   35    7    6    7  183   54   38   63   62   38 
  65   65   65   99   97  130   67   99  115   55   38   97   97   65   65   65  115   50  115   97    3   87  241  144  128  134  252  112   32   32  176  177  241   32   32  113   96  193  193   65   65   65   65  119   99    1   65   65   97  116    7    3    3    3  102  134  195   97  160  160  130   67   71  163  176   32   32   97  115   99   99   65   65   65   65  117   67   65   65   65   67   38   55    7    3    3   70  134  193   97   97  160  161  195   67   51  112   32   32   97   80  123   57   65   65   65   65   35   99   65   65   65   99   51  115    3    3    3    6  134  151   65   65  197  132  128  162  241   48   48   32   35   98  179  115   65    1   97   97  117    7    3   22  182    7    3   51   34    2   62   39 
  65   65   65   99  225  128   96  115   55   62   32  112   65   65   65   65  119   54   55   97   35   67  193  128  128  160  224   96   32  160  144  181   48   32   33   33   98  194  249   65   65   65   65  117   97   65   65    1   99   98  163    3    3    2    6    2   67   65  163  128  129  195  241   49   48   48  112   48  115  101   97   65   65   65   65   99   65   65   65   65   97   33   55   51    3    3    2    6    7   35  161  176   51   51   51   48   48   48   32   45  118   30   95   65    1   65   65   34   99   65   65   65   99   19  151  135    3    3    2    6    7    3   67  195  128  128  176   48   48   48   48  115   22  150    3   65   65   65    1   87   63   19   95  127    7   39  227  239    7   35  135 
  65   65   65   97  225  176  113  113  119  179  182   38   97   65   65   65  115   99   34   32   34   99  113  128  128  176   48   32   96  176  176   48   48   32   51   55   50  178  255   65   65   65   65  113   97   65   65   65  103  178  147  225   67   67    2    2   39  101  195  128  133  248   48   16   48   48  112  113   49   21   99   65   65   65   65   53   65   65   65    1   97   32   33   99   67   67    2    2    6   87    3  144  146  114   48   48   48   48   51   19  103   63  247   65   65   65   65   39  103   65   65   65   67    7  135  131   67   65   71    6    6   55   51   83  128  144  115  113   48   48  117   60   56  181    7   97   65   65   65   63   63  115    2   52   20  126    6   47   39   35    3 
  65   65   65   65  113   16  113   97  115   35  166  230   97   65   65   65   97  112   32   32   32   32  240  128  160  240  112   56  122   24   16   48   48   48  113  114    2   26  246   65   65   65   65   65   65   65   65   65  101  177   55  113   65   83   19    6    6   67  161  128  228  112   56   16   16  112   32  113   99   23   99   65   65   65   65  119   81   65   65   65   99   34   51  115   65   65   83   18    6   87   97  146  128  225  113   48  112   51   19   16  127   62  240   65   65   65   65   71  101   65   65   65   67   39   39    7   67   65  115  115   35   51   49  115  178  144   99  113  115  103   62  124   48  113  100   97    1    1   65   79   39   43   30   54   50  118   14   31  165   38  163 
  65   65   65   65  113  117  116   97  119   63   48  225   65   65   65   65  114   48   32   32   32   48  176  128  224  112   61   56   24   16   16   16   48  113   97  114  115  174  247   65   65   65   65   65   97   65   65   65  113  160  150  115   65  113   51   87   67   65  160  128  224  112  112   56   48   96  113  115   35  118   95   65   65   65   65   49   81   65   65   65    3   67  119   55   65   65   97  115   99   71   65  131  128  225   97   65   99    3   51  115  115  115  240   65   65   65   65  199   97   65   65   65   67   51   49    7   71   65   97   99   97   97   65   67  179  128  193    1   65   71   23   51  113  113   99   97    1   65   65   99   35   55   23  134  182    7  159    7  197    2   35 
  67    3   65   65  115  119  126   99   35  115  101    7   97   65   65   65  115   32   32   32  112  242  128  160   32   32   56   24   28   28   56   58   51   49  112  112  112   36  113   65   65   65   65   65   65   65   65   65  113  156   20   67   65   81   83   83   65   97  129  128  192   65   97  113   99  114  115   51   51   54   98   65   65   65   65  119   99   65   65   65   67   67  119  127   65   65   65    1   67   65   65  224  128  193    1   65   87   23  119  115   35   54  117   65   65   65   65   97   67   65   65   65   67   33   55    7    7    1   97   99   65   65   65   65  131  128  193    1   65   67  135   39  163   83   97   65    1   65    1   99   35   50   50    7    6    6   30   38    7   31   55 
  97   97  113   65  115   15   62   35   33   34   39   87   97   65   65   65   33   96   32   32  113  176  160  224   32   32   55   62  119  125  113  113   95   54   63   55   53   36  117   65   65   65   65   97   97   65   65    1   81  254  114   67   97   65  227   99   65   97  135  179  240   64   65  227  115  114   46   39   49   39   66   65   65   65   65   55   99   65   65   65  115   51  115   49  113   65   99   97    3    1   65  193  128  193    1   65   95   28   29   49   59   56  117   65   65   65   65   33   97   65   65   65   67    3   54    4   23   97   99   99   65   65   65   65  161  128  193    1   65   97  230   99   99  115  114   65    1   65   65   97  119   50   55  182  134   23    6   62  166  126   49 
  97   96   97   65  225  189  112   99   57   62   51  113   97   65   65   97   97  113   99   38   63  135  240   32   32   32   35  115  115  113  123  115   24   58   31   81   97   34  115   65   65   65   65   97   97   65   65   65   81  119   99  113   96   97  225   97   64   65  131  179  241   97   99   77   60   60   55   15   61   15   31  113   65   65   65  119  117   65   65   98   79   63   61  175   63   67  127   37  103   65   65  129  128  193   65  101  125   28   31   31   31   30   29   83   65   65   65   99   97   65   65   97   79   15   60   12   46   71  115   55    7    7    3   65  163  128  129   65   69    7   14  111  111   95   28  127   65   65   65  113   55    2   30  150  182   55   34   63   32  115   39 
 113  119   97   65  225  181   23   33   61   62   55   55   97   65   65   65  109  109    6    6    6    4   54   48   60   46   57  122   62  124  108  124   92   30   62   44   44   11   62   81   65   65   65  119  117   65   65   65   47   47   47   46  103  111   30   63   97   99  148  148  225   98  110   12   12   12   12   12   12   12   12   61  113   97   65  101   97    1   67  102   30   12   12   12   12   30   30   12   30  127   99  207  140  237   99  102   12   12   12   12   12   12   12   63  113   97   64  103  113   65    3    6   12   12   12   12   12   28   28   12   12   62  126  103  142  140  189   67   14   12   12   12    4   12   12   28   48   97   65  103   63   99  107  154  118  126   60   30   50  183  176 
  65  103   65   97  161  135  135   33   37   39   18  135  113   65   71   71   14   12   14   14    4   39  107   62   60   12   12   12   28   28   12   12   12    8   12   12   12   12   12   60   97   97   65   55  117   67   67    3   10    8   12   12   30   30   12   61   49  111   12   12  125   95   14   12    8    8   12   12   12   12   28   60  112   97   65   97   97    3    3   14   12   12   12   12   12   28   28   12   28   60  111   12   12   28   27   14   12   12   12   12   12   12   28   60  112   97   65  125   93    7    7    6   12   12   12   12   14   31   28   12   12   24   28   12   28   12   12   14   14   12   12   12   12   12   28   28   60  113   65   71   46  115   87   22  118  126   62   22    3  131  162 
  51   97   97   65   97   35    3   97  125   30   30  167  227    3    7   15   12   12   12   12   31   59   93   14   12    8   12   12   12   12   12   12   12   12   12   12   12   12   28   28   48  113   97   59   91   67    7    6   12   12   12   15   77   12   12   28   28    4   12   12   12   28   12   12   12   12   12   12   12   12   28   24   17  113   65  113   99    7   15    6   12   12   12   15   15   61   28   24  140   28   12   28   28   12   12   12   12   12   12   12   12   12   28   20   62   97    1   93   62   30   15    7   15   12   12   31    7   15   31  158   28   62   60   28  120   92   12   12   12   28   28   12   28   28   28   60   63   87   65   71  119  112   36   55   15   22   55   78  227  163   50 
  62   62  103   65   67   62   60  119  115   56   30  231   59    7    7   15   31   30   46   60   60   48   28   12   12   12   12   12   12   12   12   12   12   28   28   28   12   12   60   56  114   99   97  115   63   54   23    3   31   12   78   79  121  156  142  190   56   52   48  125   30   28   28   28   30   30  126  122   30   12   12   28   23   67   65  119   63   47   15    3   15   30   28   79   67  113  144  144  160  184   24  112  113   31   62   47   44  119   15   47   62   44   20   28   63   71   65   55   62   62   27    3    7   14  140  111   65  103  189  156   28  124   48   16   51  127   61   28   31   31   60   60   56   62   30   30   54   39   97  107   12   61   55  103   31   19  149   70  199  131    7 
  63   63   71   65   35   24   28   63   51   50  150  227  177   22    6    2   14   22   58   16   48   50   30  127  127   30   58   30   22   62   54   55   58   62   23   93   68   28   52   60   93   97   65  195  183   54   39    3    3   23   87   66  111  134  140  184   56   48   48  120  119   16   50   55   54   18  115  115   62   46   62   60   30  123  113   71   62   51  119    3    3   31   14  107   71   79   30   28   28   56   48   60   30   15  158  155   63   59   54   62   62   30   30   12   14  121   96   52    4   62  186    3    7   14   28   93  110  110   12   12   12   56   60   28   28   31  119   60   31   54  120  116   30   30   30   14   14   55  112  124   46   45   19   71   37   35  175  134    7    7    7 
 184  179   99   65  247  146   58  115   55   35  134  130  148  150  243    3    7   22   16   28   28   14    6   62   55   62   62   54  176  148  150  180    2   62   12  124   92   28   28   12   28  121  113  115  150   47   23   99    7   14   94   76   12   12   12   28   24   28   30   14   51   48  150   54   54   50   35  113   56   28   12   12   12   60  113   47   50   19   27   19    2   14   12   12    4   12   12   12   12    8   60   14   15   51  178  114   99   21   50   99  125   60   12   12   12   60  120   51   58   34   50  115   14   14   12   12   14   12   12   12   12   12   28   12   14   95   12   29   28   60  127  103   55   29   28   12   28   60   61   96   38   39    7  135   39    6   47  134  131  143   62 
 128  224   97   97  193  144   48   19  183   39  124    4   28   28  117  119    7   12   12   12   12   46   38   54   52   12   47  167  160  176  240  240   50   54  176   48   56   28   12   12   28   56   52   48   20  173   15  119   54   30   28   28   12   12   12   12   12   28   94   78   99   34   23   55   54   50   51   99  121   93   28   12   62   56   26   14   18   19   19   55   14   12   30   28   28   28   12   12   12   12   12   95   71  241  178  227  103   38    2   67  113  125   30   58   59   31   63  103   35   37  127   62    7   55   36  117  132  140  158   28  207  156   28   31   97   67    3   50   51  178  132  182   39   65  117   23   23   22   62   38   39    2   38  195  175   95   95   22  131  135  103 
 162  161   65   97  224  144   55   23   35  101  116   38   28   62  148   62   60   62   14   28   30   63   39  114   54   62   51  176  140  176   81  209   50   48   48   32  112  117  149  148  150   54   48   19   22  180  135   55   63   63   62  143   31   62   63   45   63   27  119   64  103   50  103   99   51  112  115  115   65   87   22    6   18   19  146   51   34   71   18   55  115  102  134   55  119   62   30   60   15   62   14   79    1  195  240  162   62   62   10   67   65  127   63   55   55   55   39   14   42  118  102   50   83   87  179  119  134  134  180   20   62   29   24   11   97   17  115    3   99  102    7  229  227   65   99   67   87  126  115   23   63   22  116  229  163    7   31   23    7    2  114 
  62   39   97   65  166  128  215   87   34  119   54   60   17   63  167   59  187   63   63  157  158   51    1  131  130  164   50   51  166  134  134  167  227   99   48   32  114  179  129  152   56   54  118   18   51   60  182   30   60   54   22   55   23   22   61   55  183  133   97   64  103   38   35   99   55   55   35  115   65  103   30  222   22   22  146  179   58  119  178   22  115  123   31   45   37  119  127   62   54   63   38  127   65   67  182  182   60   28   46   55    3   47   28  115  115   30   55    6   22   54   62   62   59   31   79   38    6   14   60   28   28   12   63   63   97   85  127   14   23   94   31   46   71   67  119   23   55   54  102   62  155   22   19   49  231  119   55   38   22    6   60 
  15   35  101   65  226  128  227   83  113  110   62   49   19   30   54   63  175   14   15  143  156   27    1   39  143   46   62   11   62  158  158   46  111  111  100   62   62   62  156   63  127   23   22   20   55  118  247   28   28   30   30   28   28   30   30   28   12   29   61  113  126   46   46   46   14   14   47  125   93   46   14   28   22   31   26  144  158  119  122   62   30   12   12   12   28   28   12   12   12   12   12   60   52   60   12   12   12   12   12   12   12   12   12   12  119  127   63   54  118   56   60   12   12   12   12   12   12   12   12   12   12   12   12   12   28   28   12   12   12   12   12   12   12   12   14   15  167  190   12   30   15   18   19   63    3   49   51  180  150  150   21 
   7    7  101  117  160  160   52   52   96  227  174   54   55   55   48   28   12   12   12   12   12   12   28   28   12   12   12   12   12   12   12   12    8   12   12   12   12   12   12   14    3   51   49   53  180   63   99   56   60   12   12   12   12   12   12   12   12   12   28    4   12   12   12   12   12   12   12    8   12   12   12   15    7   35   58  179  247  123  113   48   28   12    8   12   12   12   12    8    8   12   12   12   12    4   12   12   12   12   12   12    8   12   12    2   67   93  125  179   67  113   48   12   12   12   12   12   12   12   12   12   12   12   12   12   12    4   12   12   12   12   12   12   12   10    2   67  190  158    4   38   23   35   51   47    7   43   52  180  160  179   54 
 143  143    6  252  136  168   60   24   56  161   31   86  113   51  113   48   28   12   12   12   12    8   12   12   12   12   12   12   12   12   12   28   28   28   12   12   12   12   14   71   67  225  161   53   60   62   98   97   61   60   12   12   12   12   12   12   12   12   12   46   62   12   12   12   12   12   12   14   14   12   14   79   71   35    3    7    3   99   97   97  125   12   12   12   12   12   12   12   12   12   12   28   63   61   15   12   12   28   12   93   87  111   15   65   65   95  123   99  115   97  113  125   28   28   12   12   12   12   28   28   12   12   28   28   28   53   61   29   28   12   12  140   63   83   65   65  127   54   54   62  147  135   55   18   55   63   59   48   51  163    6 
 160  134   38  183  184   12   60   60  188  177  153  164   48   33   97   97  125   44  140  142   30   28   62   50   30   12   12   30   30   12   60   60   63   30  156  156  156  140  207   67   65  241  180   16   26  123  115   65   97  237  142  190   28   28   28   28   28   28   28   78   47   63   30   30  124   60   31  119  247  144  129   65   65   89   31   14   27  115   65    1   97  250   60   60   14   30   28   30   62   14   62   62   31   99  119   14  126   63   92   62  115  227  195   65   65   19   30  119  115   65   65  193  113   60   30   62   54   28   62   60   12   62   30   63   63   55    7   55  122   60   30    6  135   65   65   65   35   87    6   62  151    6   22   54    7   35   47    2  147  131  133 
 176  146   58   56   60   52  188   28   28   35  123  176  243   33   97   65   65  130  128  144   48   60   54   22   86   54    6   62   61   12   28   54   28   14   31  129  128  128  193   65   65  119   52   52  182   35  115   65   65  193  131   99  125  124   25   62   31   55   60   15  111  118   55   35   48   48   18    3  115  192  193   65   65   89   56   62   63  115    1    1   99   99  113   56   31   91   94   38  123  111  119  119   79   50   50   39   35  121   17   55   99   99  225   65   65  123   62   54  115   65   65   97   97  117  119  119  119   21   87  111  111  117   95   95   39   54    2   98   49   17   30  102   99   65   65   65    7  182   20   62  134    6    6  166  147   51  191   18   19   49  181 
  48   48   56   60   60  176  164   52  144  147  178  176  227   97   65    1   65  128  128  128  113   53   54   54   55   54   34   98   33   63  110  119   63   23   19  131  128  128  193   65   65  103   63   37   44   34   99   65   65  193  128   97  117  119   99  115   55   35   62  111  103   34   35   35   33   59   62   35   99  129  129   65   65  113  177  176  115   99   65   65   67   67   83  123   31   65  127   97   35   35   51   71  119  126   54   55   35   51   59   63  103  225   97   65   65  127   62   51   81   65   65   81   97   65   93   33  103   23   81   99   99  115  119   55   54   50   51   99  113   63   62   99   99   65   65   65  227  178  184  154  182  182  150  130  178   54  183  152  120  115  247 
  48   56  180  136  179   51   52   60  188  128  132  132  225   67   97   65   65  129  128  128   97   97  118   39  103   54   50   50  101  103    3  115   50  115   97  227  144  176  241   65   65   99   35   99  235   97   97   65   65  193  160   97   67   51  115   75   61   55   63  127  119   55  114  113   99   95   62   51   97  129  193   65   65   97  169  148  117   65   65   65   65   67   87   90   22   21    7   55   97   99   49   55  119   63   55   38   35   99   87   62  115  225  193    1   65   93  147    3   65   65   65   87  115   79   29   61  127   31   61  115  115   51   63   62   52   48   49  103  119   62   62  113  113   65   65   65  225  178  182  134  128  180    2  135   55  183  182  148  116   99  115 
  60   60  148  128  130  151  176   18   62  188  134    2   35   35   99   65   65  161  128  128  161  115   93   31   63    6   21   53  103  110   14   62   62   60   97  160  144  176  241   65   65   67  103  151  134   97   97   65   65  193  161   35   15   23   31   15   12   62   30   28   60   23   51   51  127   15   62   51  241  134  195   65   65   99  163  134  245   65   65   65   67  139   63   62   30   30   14   30   62   63   63   62   46   30  127   55   62   15   14   60  125  121  121   65   65  103    7   71   67   65   65   79   79   14   12   14   30   30   28   60   62   30   60   14   28   30   60   63   15   14   28   63   63   81   65   65  193  128  134  134  128  180   19   55   18   50   34  135  119  241  248 
  22  134  132  128  142    6   60  151  115  116   22   30  171   35   99   65   99  140  140  136  143   30   28   28   30   14   28   22   63   15   14   12   30   28  120  152  184  172  253  113   65  103   39    7   23   97   65   65   67  207  137   15   14   12   12   12   12   12   12   12   28   95   79   12   12   12   62   63   61   12   28  117   97   67   35  224  243   65   65   67   79   12   12   12   12   12   12   12   12   12   12   12   12   12   12   12   12   12   12   12   28   28   28   49  113  115   55   87   65   67   71   30   12   12   12   12   12   12   12   12   12   12   12   12   12   12   12   12   12   12   12   12   12   62  113   97   23  179  183  134  130  178  179  183   35   35   50  135   39  225  176 
  23  182  176  144  158   62  184  245   71   31   48   36   39   35   99   71   79   12   12   12    8    8   12   12   12   12   12   12   12   12   12   12   12   12   12   12   12   12   60  125  113  103    6  135  151   35   97   71   15   12   12    8   12   12   12   12   12   12   12   12    8   12   12   12   12   12   12   12   12    8   12   60   99   65  227   99   99   99  103   15   14    8   12   12   12   12   12   12   12   12   12   12   12   12   12   12   12   12   12   12   12   12   14   22  119  115  178   49   99    7    7   12   12   12   12   12   12   12   12   12   12   12   12   12   12   12   12   12   12   12   12   12   30   30   18   97   85  191   54   54  163    2  162  182  182  178  150   39   99  160  179 
 182  176   48  176   30   60   48   52  119  149  177   63   55   51   99   15   14   12   12   12    8    8    8   12   12   12   12   12   12   12   12   12   12   12   12   12   12   12   12   60  112   71  183  179   31    6   99   39   14   28   12   12   12   12   12   12   12   12   12   12   12   12   12   12   12   12   12   12   12   12   12   95   71   71  179  231  230   99  103   12   12   12   12   12   12    8   12   12   12   12    8   12   12   12   12   12   12   12   12   12   12   14   15    7  118  241   32   35   99  103  118   60   12   12   12   12   12   12   12   12   12   12   12   12   12   12   12   12   12   12   12   12   30   95    2  116  175  182   54   54   23   47   63   22   54  117  119   47   48  241  131 
 181   48  144  182  190   20   55   56   31  151  179   55   55   36   63    6   14   12   12   12   12   12   12   12   12   12   12   12   12   12   12   12   12   12   12   12   12   12   12   60  124  125  182   35   23   22   67    3   99   48   12   12   12   12    8    8   14   14   12   12   28   12   12   28   29   12   28   62   62   62   79   69   65  119   39    7  134   67   97  121   60   12   12   12   12   12    8    8    8    8   12   12   28   28   28    8   12   30   30   62   14    3   67   65   87   38  126  118   99   65  113  117   30   28   14   62   12   62   62   30   47   44   15   63   14   31   61   30   63  127   62   14   71   67   67  125   47  135  177   54   62   38   35  167   15    3    3  189  240  119  135 
 178  165   33   47   13   26   55   62   63  173  134    6   46  166  190   30   28   28   12   28   12   12   28   12   12   12   12   12   28   28   44   62   30   20   62   14   46  172  156   63   30   24   54  118  244  152   65    1   97  113   30   62   63   27   29  126   50   23  127   92   91  123   55  118  127  127  103   99   50   54   67   65   65   81  133  133  192   65   65   97  125   30   60   30  126  124   60   54   55  127  125   89  119   62  119  123  127  103   99   38   38    3   65   65  225  134   30  127   97   65   65  119   38   54   63   51   55   39   51   51   99  125   79  115  103  119  125   63   99   99   38    2    3    1   65   81  135   36  119  189   30  166  167   39    3    3    7   39  146  150   18 
