1
0 1
OK
0
5 221 66 14586 -2147483648

  14  158   50   48   63  113  182  133  128  128  144  144  144  144   18  103  247   55  178  158  184  162   38  166  199   35    2   35  226  224  123   50   50   35  163  187   16  124   39  131  103   32  133  164  134  181  177  119  119  103  160  131    1   39   22   30   23  146  148    2   63   53   22   30   62   19   39   39   50  160  130  131   49   52   23   30   60  144  144  176  113  255   39  102  119   51   51  103   62   54   55    6   15   60   54   70   35  165  179   39   39   35   39   39    7   55   55   55   35  115  118   55   51  147    3   99   55    6   23   34   30   54   63  190   63    3   63   50   23   48   55   51   53   39    3  131  247  119   55  150    7    7  230  131   62    7   51   48   39   69  119   46   63   39    7  183   52   39  103  126  103   22   95   71    7   39   55   55   23  113   35    6   54   62   62   70   87   26   94   31   23   21   39  127   95   55   99  127   55   23   15   55  119    7  103  119   52   15   31    7    6   39   53  127   22   22  149    3    7    7    3   39    7   31   23   23   55   53   63   60    6 
  46  154  177   55   52   62   23    7  183  179  130  128  128  150  182  118  241   51  178   10   58  160  176  176  199    3   26  158  182  215  191  162   38   38   37  168  137  107    7   35   55  119   55   55  131  181  167   37   39   38  160  129  167   54   30  158  159   51   53    6   29   55    6    6   51   18  147  143   62  131  131  130  147  145  177  188  156  144  128   50   50   48   55    7   63  127   39   63   30   36   62   30   30   40   52  182  161  149   18    6   22   55   35    6   23   22  119   55   18  123  114    6    6  151   34   32  182    7    7    6   63   31   31  126  102   23   25  177   25   50   54   50   55   23   71   91   75    7   55  182   55    7  206  230   59   55  183   55  103    7    3   55   46  195  183  150   55   55  102    6  119  119   62   35  127  118   38   54   15   85   35   55   55   38   54   70   87   58  119   39   55  127   23   83    3   99   51   63   54    6   14    6   39    3   31   14   30   30    7    7   30  127   39   51   23   54   53   39   39   63  119    7   31   31   30   55   49   51   54   62   38 
 176  165   20   55   63    3  131  135  157   59   38  144  144  146  162  150  180   52  166  130  178  176  144   22   34   51   59   63  119  119  166  166  183  148   38  162  129    7    3  167   12  142  148   48  179  131  134   39    3  160  194  226   97   51    3  134  241   34  125   55   17  183  183    6   15   63  147  143   30   23   23  145  179  131  179   63  134  140    7    3  115   34   15    7   19  119  194   95    7   50   58   28   14   14   30  190  163    3   19   23   23    1    7   22   18   54  119   23   23   20   62   54   54    3   97  117  127    7   67   69   45   51   23   38   46   62  187  179  129   95   18    2   30   30   39   34   33    7   87   51   39   39  116  115   19  183  181  144  165    7   71   54   58  158   51   55   35    2   46   62   87   22   55   51   39    7   35  115   11   55   38   62   62   62   54    7   30   54  119   63   63   51    3   35  115   51   39   47   46   62   55   51   54   55   55  127   30   15    6    7   87   18  119   19   19   54    6    7   15   62   55    6   55   31   30   63   34  115   54   28   60 
 148  133   93   38    2   63   39  151  158   59   51  177   19   20   54  182  190  148  150  150  180  176  180   14   42   51   19   53   71  119   39    7   54  176  130  131  130   51   51  178  150  150  150   51   59  159  135  167  177  166  150   54   48   55   39   87   19   35  119   27   30   55   55    6   38   19    7   87   54   50   18  144  190   47   23  127   54    6    7   35  182   55  127  103  225  225  231  134  135  150  150  150   62   30   30  191  144   19    7    7   23   87    7   38   62   63  103   14   15   23   22   60   63  167  225  113  115  179   54   60    4   38   54   38   46   38   55   18  150  144  211   67    6   18   54   22   55   55  115   35   63   50  115   54   62  178   51   83   67   23  150  182  115  115   99   35    7   63  183  182   31   30   62   19   23   22  119   67    3    3   55    3   71  125   38    6   30   62   62   30   15    7   23   54   35   34   39   39   51   35   39   62   50   55   63   63   30   30   46  127  117   50   47    6   51  119   22   22   54   55   35   51   83   95   62  119    6  118   55   60   29 
 148   53   81  112  176  163   71  213   18   39   54   21  147  180   56   48   24   60   30    7  164  183  183  160  167  176  115   23   39   49   51   61  177  160  128  131   23  179   17   50  150  150  166  179  191   30  181  188   23   23   31  131  182   54  103    7  190  182   35   34    6    7    2   26   59  167   23  159   55  182  182  166  175  127   21   53   59   22   54  183  151   87  119  119  178  166   38  162  180  180  128  134  166    6   22  177  135   31   62  148  167  113   30   54   54    7    3   26   26  186   54   30  121  226  102  119   51   51   53   54  114  115   18    6   38  103   55   50    6  150    7   35   55   53   38   53   51   19   87   23   38   62  189   55   54   35   99  115  115  163  178  247    3  115   99   35    7  207  199   54   23   23   23   51  113  115   51   35   35   87    7   99  115   31  115   51   30   55   63   15   63    7    7    7   15   39   34   19   22   30    2   38   54   54   44    6    2    7   30   54   54   39   35    6   55  125   23   23   30   54   23    7   55    3   50   62  127  119  119    6    6 
 176  176  177  240   18  162   39  133  130   38   54   28  176   48   62  103  180   56   55  135  160  167  151  177  167  186   62    7   39   35  115  189  137  130   54   31   30  166   52  156  144  148  166  163   63   62  148  191    7   23   23    3    7  167   96  164  172   30   54   50   54   23   22    6   55   35   18   23    3  150  178   39   46  187  176   52   50   27   49   51   35  111   39   23   18    6    6  130  147   53  128  176  190   38   22  150  135   28   30  182   54   55   31   22   22  103   99   35  115  113   55   55   18  162  198  118   49   57   57   55   51    2    7    7    6   95   18  147  191  134   67  113   51  119  115   62    7   39    7  119  123   59  161  241  115   55   31  179  242  240   43  115   23  103   39    6   87    2   71  190   15    2    7   19  115   99    7   38   55    7  119  115   55   35   39   54   22   39   53  116    7    6    7    6   14   38   99   19  114   51   99  118  119   54   54   62   62   23   22   54    7    3    3    7   23   54   54   30   30   54   22    7    3    3   35   63    7  119  115   38   31 
  96  224   54  156   55   55  161  145  135   22   54   22   54   61   52  247  182  167  163  147  146   34   48   51  199  154   30   53   49  163  162  166  132  130  190   20   30   54   55    5   52  182  134  162  190   62   84  126   62  167    6  167  161  133  134  128  160   28    6  150  150  119   70   15   39   23   54   55   19   19    3  151   30  186  176   52  245   39   51   19  163   51   34   23   23    3   35  171   15    6  159  181   20   22  103  119   15   23   22  118  102   39   39   54   30   15   51  119  243   97   55   51   35  103  130   54   54   63  123  241  178    7    7   67  103    6    7  131  225  163   30    3   19  123  116   30   71  119   38   55   18   23  213  243   19  126  118   51  118   55   39   39  126   35   35  119    3    7  167  151    7    3   71  119   55    7  119   55    7   23   50   54   22  118   63   55   14   62  113  116  111    7   54    7    2   51   71    3   99   67   34  102  103   55  103   63   14   23   31   51   23    3   19   15    2   38  126   31   23   62  115    7   47   63  123    6   55   31   60   55   91 
 128  129  135  142  159    2   63  126   54   30   10   30   30   46  166  242   39    6   22   18   24   50  119  119  211  146  146  112   32   49  134   22  148  132  156   28   23   49   34   29   31    2   67   51   52   30  198  254   62   30   45  180  134    6  134  144  164    5    6   38   18   22   87   22  162  135  183    7   23   49   55  159   20  146  180   63   63   34    2    7  167    6   22   54   54   51   19   11   63   55   15    7   30   30  118  118    7   23   18   34   50   55   99  115   63   22   51   23   53   55  114   55   39   34    2    6   55   39  102  242  135    6    7   67   99   55    7   39   34    3   23   53  127   26    2   22   35   19   58   30   14  119  119   99   23   28   15   55    7   63   39   63   63  244  161   55   50   35  225   99   51   63  118  115  115  118   55   38   51   55   63   54   22   54   63    2   31  159  187  115   51   31   54   39  119    7    7   19   31   83  115   51   35  115  119   31   22  125   95   49   55   35    3   31   27    6  110    7    7   63   54   51   62   62   60    6    7   31   46   55    7 
 128  128  135    6  142  247  131    6   23  155   61   62   31   59  160  178   55  151  151   30   16   86   14    6   18  150  150  115   58  187  223  213  177  149  150   20   19    3   54  156   35   39   71  165  190  158  146  158   30    6   50  166  134    3  135   20   62   14   54   54  151  151  135  134  134  129    6    7    7  118  119   63  148  128  182   38   14    6    6    6   38    2   22  247   22   55   39   22   31   55   55   22   22  143    6   63   14   31   18   50   54   54   55   52  118   49   61   31   39  183   55   28  183    7    3   55   51   39   54   48   63    7   55  115   35   55    7  119   99   19   55   55   38    6   39   51   43   63   55   99    3   23   55   51   55   52   54   54  117   35   39   63   62   38  181   51   54   63   51   22   50   54  103   43  126  112  118    6   50   50    7   54   24   94   71    3    6   31   35    3    7    6   54   54   38   38   62   62   62   19    3   31  127  119   19  119   30  126  112   51   51   35    3    7   59   94    6   62   31   39   39   51   55   62   47    6    6    6  103   39    6 
 128  128   23  154   34  182  151    6  146  176   28   60   28   60   48  176   57  120  126   26   31    7   14    6    6    2   54   51   27  186   30  157  179   18   23  134  142   63    6   23  176   54   52  177  162   34  160  164    6    6  178  128  131    3   37   53   23  146  184   28  188  189   23   63  223  134  107   38    6  118  124   56  180  164   22   22   23    7    6   22   51    3   51  244  151    7   71   23   12   23   30   31   61   31    6   46  126   18  115  121   46    6   38   38    6   49   62   62   62   63   19   22   39  103  119   35   34   35  123  122   15    7   58   55   55   63   55   49   96   23   39   55   38    6  119   87   29   28   55  227   39   87   55   51   50   51   52  163  225   39    7   39  119  111   47   55   55   63    3   22  118  119  103  117  115  123   63   23   55   37   23   55   55   54   95   91   55   30    7    3   23   23   54   87  119   63   63   23   39  115   63   31  127  127   39  102   31  127   55  180   53   37   61    4   60   30   46   31   63   15   63   62   30   30    7    7   15   28   55   31   30 
 128  128  148  144  163   62   31    7   54  176  134   55   29  124  118  151  156   63   62   30  150  151  151   39    6   38  112  123   51  135  190  157  179   18   30    7    7   22   82   91  249   22   55  151  151  166  176   52   22    7  131  161   35   67  167  161  151  150  143   15  126   60   22   31    6   62   56   14  158   70  127   60   60   60   20   23    7    7   38   22    7   55   83   50    7   39    3    7   14    7   14   15   62   62   37   39   35   19   62   62   30  142    7    7    6   35   39   54   24  166   39   55   51   63   63    7   62   31   71   99  118   62   63  119   34   62   37   55   55    7   30   62   54   54   71   99  158    4  103  227    7    7    7   39   55   51   39  166  144   22  118   99  115   82   38  118   19   55  103   27   87   53   63  125   35   51   63   57   51    7   55   63   47   51   99   14  103   22   54   50    3    7   22  119  119   18   62    6   55   55   55   55   39   49  113  118    7    5  119    6   38    6   37   62   54  127   63   38    6   22   31   62   23    7    7   39   62   62   52   55   30 
 184  176  148  150    6    7   11    2   18  147  133    7   63  112  127   63    6   14   30   30  142    5  177  183   63   54  118  123   51   53   52  113   81   50   54    7  103  119   20  188  126  118   23   23  150  182  186  159   23   87   23  167  119  122  158  243   53   22    6  167   63   54   22   15   22   63   58   28  158   20   18   22   58   62   30   30  127   23   54   53   54  150  190    4   38   55   99    2   27    7   54   38   23   27   23    7    3   83   51   50   21   55   51  151   22   59   62   31  125  103  103  119   55   31   31    7   35   39    6   54   51   31   38   99   51   63   39   35   23   23  191  190   52   53  163  167  133   21   51   34   60   15  115  119  158  159  146  146  176   62    2   55   83  114  119  119   63   55   99    3   23   19   19   35  115  115   58  116  102   39   54   55   31   23   39   70   62   30   22  101   55   39   55  117   55   31   30   30   63   39   62   63   23   55  119   31   30  103   51   31    7    6   39   39   23   53   31    6    6    6   71   63   23    3    7    6   54   48   50   51   15 
  25   55  150  182   55   55    3  131    3   15   29  113   54   23  156   62   38   55   22   30   38   37   49  178  182   52  176  145  181   49  115   87  146   16  245  150   22   29   52   60   58   51    7  119   23   55  163  154   27   51   55    7    7   31   62   39   49   23  163  178   50  119    7   29  180   54   38   54   32   28   30  182   50   86    6   50   49   71  119  119   55  181  134   39  167   55  179  131   67   99   61  183   62   27  183   55   51   55    3    6    7   63   58   55   30   62   26  159  230   99    3   39   39    7   67   35  231   38    6  117   55   55   38   35   15   15    6   39   51   22  135  148   54   39   55  135  161   51   50   50   61   14   51   48    2   54   54  182   51    3  103   44   63   55  115    7   55  118  119   52    3   34  103  103  119  114  119  119  119  119  119   54   79    7   71   22   30   62   54   33   55    6   22  100    6   30    6    7    3   63   59    7   22   55   95   95   30  123   50  123   39    6   14    7  126   54    6    6   50   54    7    6  119   39    6   63   55   58   91   39    6 
  57  151  151  162  127  115  107   43   23   63  190  179   57  145  144  167   36  115   48   55   55  103   87   30   30   20  148  128  193  225  227    7  134  133  133  150   54   28   62   60   58    3  183   22  183  161  161   62   50   51   22   39   19   53   22   18   18  247   55   62   30   63  119  115  184  103   39  103  163   22  150  147   55   39   47   62  119    7    3    2   35   51   51   99  253   56   63   38   97  115   47   60   60   91  231  119   26   14   15   14   54   62  158   31    7   14    2  178  227   39   19   55    7    7  163  181   32   54    7  127   55  111   15   63   30    7   38   38   38   30  146   23   55   39    7   22   95   35   63   26   59  171   35   53   51   55   39   63   62    7   99   55   50  119   51  102   39   99  103  103  103    2   98  103    7   97   55   71  119   52   55  175  111    6   62   28   31   55   54   35   39   15   27    7   39   55   99    7    3   31  119   23   63   23    6   31   23   23   55   51   39   47    6   38   55   55    7   54   55  134  126   31   63   54   39   14   47   54   23    6    7 
  31   54  183  167  127  123  123   60  220  163   35  179  144  128  152  158  166   54  119   55   51   54   22   19   50  181  164  160  160  172   99  227  156  157  181   28   60   52   54  254   56  146  162   62   58  177   87    6   54   55   54   52  150  148   28   22    2   49   55   63   12   14    2  134  246  119  163  162   18   22   18   23   22   55   63  188  150   23    7  183  241   48   50    6   92  126   50   54   36   36   30   30   31   23  151    7   47   31   27  124  100   54   50   99   99   39   55   55  199  182   49   17    7   54  185  150  182   22    6   31   47   62   27  115   54   22   71  127   26   54    2   23   22    7   55   38  115   52   50   51   30   95  134  149   39  111   38   59   12   53   39  167  150   71    7  119   63   34   55   22    7    3   55    6   39   37   54    7   39   21   62   62  100   38   30   30   31    7   23   22   58  110    6    2   15   55   59    7   63   22   55   48   55   31   30   31   22   54   67    3    7   38    6   39   55    3    3   51    7    6   31   58   62   55    7   14   23  127  127   14    7 
  30   53   35    3   25   26   58   46   70  167  191  159  146   48  176   20  132  134   30   12   55   50   54   22   30   16   48  148  166   42   50  247   56   25  127   52   36   62   22   31  158   16   22   18   22   52   87   39   51   55   22   52  190    6   22   22  158   28   14   46   54   62   22    6  131  167  179  182   23   23   18   62   30   24   28   54   38   23    7  164  128  147  147    7    7   63   62   22   50   50   21    5   39   23  151    6  167    6   39  101  117   55   38  102  115   63   54    6   23  148   54   55  115   34  150    6    6    6    6    6   51   62   63   55   22   22  119  127   27   62    6   22   22   23    3   54   39   54   55   18    6  127  151  151  225   23   54   63   55   63   63  247   87   14   55   55   62   15    6    6   55   51   35   34    7  134    6   71   71   19   30   62   61   39   15   31   30    7   22    6   47   62   23   54   37  119   55   35   54    6   86  120   63  119   55   18   30   30    7   55   39    6   54   38   55  127   63   23   23    2  115   54   39   55   55    7   55  127   54    6    2 
  60   55   19   19   63   22  102  103   39   38  178  135    6  146  167    6   54  162  150   28  125  117   30   62   60   54   54   22   54   43   23   55   34  181  135  134  182   62    7   22   55   35  163   31   31    6    3  165  166   87   86  113  121   53   54   48  158  148  183  182   50   20   62   22  176  184   54   54   63   55   51   62   62   22   23   55   55   55    7  151  135  167   51   54   39   55   77   55   34   51   21   55  119  111    7    6   87   86    7    7   51   51   59   59   21   62   38   38   52   20   52  119  115   22   23    6    7    6   39   35   51   60   36   36   38   62  126   99   59   50   18   22   19   23   62   62   38   54   55  135  225  231   35   35    3   19   21   50   55   39   55  115   39  175    3    7    7   62   51   99   35   34   35   39   55  182   22   70   70   83   23    7    7    7    3   15   15   55   54    6   39   55  119   55   55   54   18   51   62   63   55  116   99   71   87  111    7  103  111   62    7    7  118   39   55  127  118   55    7   55   55   55   39    3    7   55   51   50   54   38   14 
 245  151   22  190  188   38   38   22   55  160  145  166    7   67  130  131   51  178  146   20  188  188   30  127   55   54   62  158  178  111   15   39  166  190  152  240   48   55   54   23  179  167   39   40   47    2  231  103   22  100  117   51  183  181  166   50  150  182  178  178  161   92   46   51  183   35    3   54   62   55  179   54   22   31   23   29   55   35    3  150  135  167   50  112  126   39    3   23    6   22   22   55   67   19    7    6   84   86    6   39   39    6   63   63  103   68   39  231   50   54   55   54   23   22    6   23    7   22    7    7   55   54  119   30   62   62  122  190  186   52   27   22  119  119   50   48   22   54   39   63  243   39  103   35   35   55   31   23   23   38   52   55   39   55   55   55    7   23   48   63  127   71  103   39   39   31   23   54   54    6   71  119   38   55   23   23    7   30   22   62  119  126   62   31   55   54   55   55   55   39   31  116  127    7    7    7   15  111  126  126   15   31  103    6   55   23  103    3   31   15    7  119  119    3    7   28   60   30   23   56   30 
 181  182   22   87   22   35   39   30   15  131  129   62   31  195  128  155  179   54   28   54   23   63   54   54   38   54   38   35   54   56   14    2  182  188  156   52   52   55  183   20  148   22    7   47   44  181  133  166   55  116  112   18   18  151  135  130   54  183   38    6  130   15   27   31   63   55    7   39   39   23  143   56   22  134  147   22   30   62   15  148   55   35  162  181   61   54    7    5   54  183   38   55  213   55   55   36   22  119   23  183  231    6   30  158  243  119   63   15   14   46   38   62   22  127  111    3  151  150    7   55   55   39  119   28  108  125  112   56  150   55    7    6   62   60   63   48   62   30   28   14   30    7   55   38   35   38    7  103  118   22   20   22    7   23   35   53    3   39   49   49   51   31   62   63  103   56   56   56   55   48   23   63  126    6   18   30   22   55    3   62   54   99   39   55  115  113  127   56   23  119   55    4   63    2   50   50   26   28   24  124   30   15    7    6   39   87   19   27   63   30    6  126   87   15   30   60   28   20   22   30    6 
   6    6   30  125   18   61   15    6   39    7   33  190   30  158  156   30   30   30   54   62    6  191   51    7   55   23   55   53   28   56  167   55   52   48   49   21   22   62   60   30  131   39   39   63   59   58  156  172  182   17   62   55   22   27  163  160   42   50   22  135  147  150  154   58  191   55  119  119   39   66  207  190   18  146   62   60   60   28   12   31   55    6   38   55   39    2   39   30   62   52   54   54  115    2   54  102   22   51   23  148  243   23   59   48   48   48   56   28   12    6    7   31   28   15   47   45  131  139    3   23   23   39   55    6  111  119   28   20   52   55    7   23   22    7   31   48   16   24   28    6    6   31   22   38   35    7    7  126    2   22   30   30   22   31    7    7   19   39   39  103   39  126  115   39  119   48   60   62   48   52   30   31   15    7  114  103   13   15   35   46   22   50   55   55  115  227  213  178   19   22   52   62   54    7   55   50   16   52   56  112   24   15    6   39   99   99   55   28   22    6    6   22   22    7   62   58   46   62   55   31    6 
 119   54   22  180   16  125   38   39   37    7  191   24   30   62   59   63    4    6    6   62   54   62   51   19   20   55   55  151   31   24  151  179  180  167   39    7   55  161   55    7    2   35   59   50   63  127   60   28    6   22   22   63   14    6   38   38   62   62   15  135   31  158   22  176  182  183  119   96   54   22  131  148  149   17   48   48   62   30   28    6    6   55   62   54   30   22   63   34   50   54  187   19  119  119   23   55   22  242   87  247   51   23   49   54   48   48   48   30   30    7    6    3   47    7   55   15   23  150   54   54    3   55   54    6   19   22   48  148   38   62   15   50  119  103  118   48   48   52   63   15    7   15   23   47   62   30   14   54   14   55   63   62   55   19    7    7    4   38    3  119   30   54    7   51   50   48   48  119   49   52    6    3    3  103  119  111   61   47   39   63   30   54   31   60   48  160  126   54   19  119  117  116   50   23   54   48   52   55   59  179  152   31    3   99  115  125   61   62   63   31   15    6   18   23   54   54    6    6   23   23    3 
 102   48  148  164  243  115   38   39   47   47   51  115   53   26   31    6   46   62    6    7   55   16   22   30   22   54  182  151   82   82   18  150  130  129    7    6    6   55   61   15   35   58   58   62   50   60   14    6  103   38   39   95   22    2  166    6   30    6  131  166  172   14   38  179   19   18    7   55   54   55  182  176   55   48   48   48   62   30   31   39   50  115   63   30   30   30    3   51   18  119   62   22   54   55   99  114  211  243  127  127   54    3   55  180   48   48   62   30   55  119    3    3    3    3   55   22    6   14   62   55   27   18  118   97  115   39  150  188   14    7    3  115  123   18  112  112  113  241  176   35   15    7    3   95   62   59   62   22   14   62   55   39   55   23   95   23   31   51   51   55   30   63   54  112  113   96   32  112  113  144  134  115   35   55   54   15   62   58   23   51    6   54   54   30  174  156   30   30   49   35  115  116   22   50   48   52   32  103   83  163  241  243   51    3  103   62   60   48   62   28   30   14   14   22   22  119  127   38   31    2    7 
 119   60  218  110  118   23  135   50   62   63   59  113  113   48   31    7   51   59    3    3   67   19   18   22   20   39    7   39  119  119   30   30  179  163  163    7    6   54   61   31   30  158  112   97  113   53    7   67   99   99    7    7   87   39  191   62   14    6  158  190   55   22  255  255   31   28  119   55   22   54  148  176  176   48   49   49   48   30    7  115  125   15    7   63   39   22    6   62   50   50   55   22   46    7  103  102    6  167   62   15   55  119   50   48   96  112   98   55   39   35    3    3   67    3   19   48  118   30   15    7   30   30   47   51   55   62  226   11   30   55  115  114   50   48  112   96   99  131  128    7  111   67    1   19  119   51   62   22   31   15   36   36   62   30    6  150   55   34  117  123   31   56   48   48  115   97  118   39   99   51  183  241   32   51   71   31   62  122   63   63  110  181  115   11   31  110   15  119  127   39   55   48   20   16  113   97   97   55    3    6   71  117   49   32   63   62   28   22   22   22   22    6   22   30   55   35   35   38    3   18   30 
  32   55   49   63    6   23  135   54  182   63   56  127  113  119  119   99  115   55  115   67    3   67   55   55   28   62   62   62   54    6   28    4   63   63    7    5   52   54  183   23   50   48   48  115   99   39  119  113   99   99   99    3   65   49   33  124   26  151   12   14   22   30   38   54   14   22  211    2   55   57   48  191   48  113  113   99  119   55   99   99  117  111    1  167  166    6   87   62   23   55   51   23    6   29   23    6  143  150   50   50   16   49   32   49   65   97   97  124  101   97  115    1   99   55   53   52   55    7   39    3   30   63   15   54   53   23    3  114   49   48   56   56   48   32  113   65   99   67  130   54  116  101   67   55  119   55   39   39   23    7   38   54   62   30   31   29   51   19   55   63   57   56   48  101  119    3    7    7    7    6   28  112   59   47   35   63   30   18    3  239  168  166   35   35   55   54    4   15   15   22  126   48   48   55  243   97   99   63    2    6   28   56   63   35   51   50   22   18   22   23    6  127   30    6   37   39   67   29   31   23   28 
  60   47   51   54  159   15   61   48   54  127   48   51    3    7   63  112   97  125  113   99    1    1   51   48   62   47   59   58   22   20  149  149   55   60    4   22   30   58  179   53   16   48  113   51    3   15   60   48   36  127   99    1    1   55   54  183  179   55    7   46   62    6   14  189   51   54    7   39   55   56   48  112   48  115   65    3    7   62   48   96   99  115    1    3  219   59  243   22   21   38   55   55    6   14  127   30    7  180   52  112  112   48   48   51    1    1  111   30   28   48  120   97   97   71  115   52   23   55   55  135   31   23    6   46   28    6   22   62   58   50   50   48   48  115   97    1  103    7   30   63  110  102   99   35   51  119   39   87   23   39   55   54   22   30   27    3  103  111   28   55   59   48   52   51   71    3    3   43   45    4   22   16   59    3  102    2    7   55    2  103  150    7   54   54   62   54   20   63   62   86  120   48   52   19  163   67    3    3   39   30   60   56   35    3    7   38  118  119   22   18    7  111   62   54   54    6   19   55    6  119   20 
  38   39    6  118  248   28   28   48   48   48   56   39    6    6   60   48   62   38  102  115   99    3  241  176  166    7   19   50   52   63  148  150    6   22   54   22   22   28   51   32   48   21  115    3    6   14   28   62  112   54   51   97    3    7   54   87  125   55  135   55   55   30   15   27   18  118   62    6   39   96  112   48  114  227  103    6    6   30   56   56   55   99    1   35  123  111  183   22   23   39  182   31    6    6  127  125   62   28   53   49   48   48   30   83    3   65  103    6   28   57   56  124    1    3   19   23   23   54   55  191   15    7   38   67   53   55   63   31  123  112   48   56   56  242  195    1  103    7   28   60  114   99   49    1   97    7    7    7  103   59   56   62   14  111   39  103  119   52   28  103  115  113   53   39    3    3    7   30   28   23   39   54   31    1   35   54   54   54   71    7   38   55   81  118   62  118   63   31   20   23  113   49   60   27   35   71   49   23   39   28   16   60  121   99    3   39   22  127   60   30   62    6   62   38   22    6   46   30   54   51   14 
 179   22   52   59   48   63  120  112   48   54   62   22    7    7   20   16   30   23  119   50   35    1  195  182  190   54   14   59   60  127  225  167   62  180   63   60  102   63   48  112  119   23  115    3    7   47   56   63   99  115   34   33    1   71  134  213   93   60  182   55  151   22   47    7   63   60   60  119  119  112   48  112  114  179   65    7   14   14   44  124  103   99    1   99  127   54   60   30   22   39  163   57  125    7   55   60  182   50   98  113  113  112   50  112   67   97  103   29   20   48  120  119   33    1   99   71  103   55   63  127    7  127    7    7   31   60   60   61   65   97   49  185  144  178  115    1   15   31   16   28   56   63   67    3   81    7    7   31  190   31   14   31   15   44  118  120   48   16   52   48   97   97  225  162   35    3    7   23   20   16   18   20   21    1   97   62   30  118   99    7   39   58   55   54  126   60   63   31   54  115    1   51  239   97   35   99  115   52   22   28   24   28  124  113    3   67   39   62   30   31   63    3  115   22   86   63    3    6   62   54   62 
 182   60   56   49   55   91   55   96   96   51   51   51   99   55   31   60   48   49   49   52   85    1   35   22   54  182   54   60   62  102   69   49   57  124   30   63   99   99  113  179  174  156  186  115   71   63   16   48  113   99   36  115    1   67  196  181   28   56   48   52   22   30   54   61  127  127   20   52  115  113   51   51   55   22   99   71   59   56   48   96  102  119    7    1   95   49   62   63   55   51   51   49   60   22   49   63  167  243   99   32  113  115   34  115   97   97   63   20   28   24   88   83    7    1   71   79  127   63    7  127   37   59   53  127  127   30   63  102  113   97  113  150   22   18  115   67   93   20   30   28   89   95   67   99    3    2    3   27  152    7   30   31   62   62  118  112   48   48   48  115   34  119  229  130   38   55   23   23   16   59   58   48   54   23    1   31   30   63  111   31   14   60   60   23   22   28   31    4   52  113   67    3  197   97   47   29   67   65  119   63  126  116  111  111    3    3   47   62    4   63   62  113   99   23  119  119    6   22   62   54   62 
  60   28   63   55   22   18   99   33   35   34  147   67  103   23   24   24   22   59   48   52    7    1    3    7    7    6   54  119   55   38   55   61   28  110   14   19   50  113   65  227  134  150   34   55   54   30   24  178  251   33   52   39    1   67  119    6   22   18   56   62   39   55   48   60  119    7  247   16  113   33   97   51   22  118  115    6   14   24   62  127  103  119   39    1    3    3   22  127  127   28   52   48   53   55   22   35  179  176  113   35   35   55   50  119  113   65   61   60   28   62  123  115   99   67    3   14   31   51   51   31   55   48   56   60   22    6   62   62   99   35  103   55   54   39  103   65  103  103   12   12  127   65   99   99    1   35   55   39  119   59   30   31   51   62  103   97   99   48  112   51   18   30  183  179   62   60   63   31  113   50  114  115   51   59    1   49   53   63   61   63   29   48   54    7  199  143   15    6   54  119    3    7    6  151   31   26   67  115  119   12   12  127   47   67   95    2   67  127   39   55   39  119  123   30   47   37  103  119   54   39   30 
  56   60  119   22   63  243   99    1   99  102  227  115  103    7   85   28   28   55   51   38   39    3    3  103  167  182   53  167   35   38   63   62  182  182    6   26   31   83    3    7   15    7   71  127   83    7   46   12   15  101  101   39  103    3   15   30    4  165  168   63   54   62   36   30   30   22  127   46   71   67   67   59   28  127  115   62   70   46   12  110  117  103   97    1    3   23    6   50   52  119  126   52   63   62  111   46   52   80   86    3    3   31   22   30   97   65  119    6   14   46  103   67   97    3    3  103   35   51   18   34   55  123   28   10   30   38  115   51   39    3    3   75   60   48  112   65  101   37   12   12   76   65  113   83    1  115   54   22   54  115   63   18   54   38   67    3   67   67   51   48   48   62    7   51   56   56   63    7   99   55   63  123   51   27   33    1   55   22   20    2   51   63   30   54  182  130    7   23  119   22    6    6    6   51   24   30   87  123  115   95   30   62   55   96  127   53    1  101   57   62   30   55   49   31   39   35   39   23   54   39   30 
  43   47  244   20   46   50   55    3    7   20  119  113   16   22   14   12   15   95   33  115   48   33    3   67   39   55   55   56   33  227   31   14   22   48   35   59   60   31    3    3   14   55   59   51   55   14   12   12   46  103   71  119   71    3   39    6    7  135  224  112   23    3   14   14   30  148  141   10   71    3    3   22   20   91   99   35   12   12   28   30   71  119  177   97    1   87   30   62   60  116  122   52   62   30   14   14   22  144  150   67    7    7  119  125   97   65   77   12   12   46  103   67   97    3    1    3  227   55   50   62  118   19   54   51   31   30   95   63   31    7    3   15   79   18  119   65   65   13   12   14   79   65  113   49    1    3   54   52  114  127   63   16   48   54   99   35    2    7   31   56   48   50   54   48   55   62   39    3   99   23    3   51   59   61   55    1   39   62   62   62   54   51   30  103   51  151    7   49   54   55    7   98   67   83  209  127  115   81   64  103  109   39   67   65  115  119   65   35   54   55    6    7   55   15   63   30   35   55   39   55   54 
  50   54  190    4  190  147  183  134    6    7   71  115   57   28   12   12   63   47   97   83   23   71    1    3   51   50   63   60   58   35    3   23  151   59   63   39  117  116  154    6   71  115  113   35   55   28   12   14  110  103   97  117   55    1    7  119  118  180  120  113   53   55   30  182  144  144  131  135  246   35   54    6  119  113   97   67  118   46   83   99   97   99   51   65    1   67   62   60   59  119  119  119   23    6    6  186   23  150  156   23   95   71   99  115   99   65  109  236  142  111   97   65   67   67   97   65   71   54   48  156  183   99   55   30   55   63   63   62   15   31   94   95  102  103  103   65   65  249  188  135   65   65   97   23   67   97  116   60  108  117   48   48   48   48   56   47    6    2   14   59   56   16   48   50   19    6   63   83    3   51   31   49   51   87  113   65   71   48   52   62   52   54    6  103   19   30   22   55  118   51   15  118   65  113  255  231   97   65   65  115  113   35    3   93   30   67   97   99   55    7    7    3  119  119    6   30   63  127   79   22   26 
  52  183   62   36  241  167    7  149  205  103   99   97   81   87   30  174  115   97   65   87    7  103   65   67   51   48   62   54   50   35   39  150  135   55   60  207   93   50   58  119  103  115  113   65   97  253  156   21   65   97   97  181  247   97   65  123   24   53  187   55   55   53   54   18  150  150  144  146   18   60  117   67   67   97   65   65   99  166  245   65   97   97    1   65   65  115  112   58   31   23   54    7    6    6   22  183   55  124   52   16  113   65   65   51   99   65   65  144  130  227   65   65   50  115   97   97  101  119  118  180   63    7   31    8   30   15   15   30   31   31  126   97   97  114  115   65   65   81  176  160   97   65   99   71   65   97   56   62   39   97   51  113   51   59   56   28   30    2    3   55   16   16   16   62   51    3   23   55    3    3   51    7  102   35   51   67   79   59   31   39   54   62   62   38   54   30    4    7    6   14   28   28   81  113   49  176   65   65   65  125   60  109  127  117  118   51    1   99    7   23   87   18  127  115    7   63   62   12   14    7   27 
  60   55   18   50   33   59   26   52   67   97   65   65   65  225  128  193   65   65   65    3   55  119   96   97   48  127  103  161  163   99  116   22    6   39   52   55  149   54   48  118  113   97  113   97   97  161  146   83   65   97   97  161  199  113   97  115   18   55   38    7  131   22   54   19   30  159  151   48   52   28   93   97   65  113   65   65  227  146  241   65   97   97   39   67   66   99  248   62   46   22   55   51   54   26   30   12    7   29  191  146   51  113   97   51   65   65   83  147  128  241   65   65  121  115   67   99   99   50   54   52   18  126  126   31  159   60   62   30   30   62   62  113   97  119   83   65   65   83  188  109   97   65   97   99   99   35   51   55    3   67    2   67    3   28   16   28   23    3   11   51   48   48   48   23    7    2    3  119   99    2   34  119   39   35   54    3    2    3    2  119   22   23  179   22   62   23   23   55   55  127  113   56   24   60   55  154   97   81   79   14   12   12   28   60  115    3    3    3    7   22   22   14   44   39    7   55   54   60   55   54   55 
  52   60   16   62   63   29  184  188  115  113   97   99   65  227  142  189   97   65   65   39   53   63   99   99  246   22  182  182  167   35  119   14   55    4   54   51   51   63   20   52  113  113  113   97   79  173  142  123   67   65    3   38   30  127   67  131  242   55   55   55   59   24  176  189   28   31  127   52   60   24   24   49  113  241   67   71   63  156  121   97   97   97   54   99    3   67  247   62   62  119   23    7  135   63   60   60   62   11  127  124   60   48  117  127   65   65   95   28   28  125  113   97  103   71    3    2    7   54   50   48   54   50   39   23   48   52   39   35   54  125  124   48   32  241  241   65   67   31   12   77  125   97  115  126   99    3    3   51   35   35    2    2   14   60   16   28   51   31   31   50   50  119  112   55    3   50   18  103  103    2    3  103   55   55   51   63    3    3   31  124   30   62   59   50   28   54   19   23   54   51   97  121   56  188  167  184   99  113   28   28   60   28   60  119  119    6  103    7    3   19    2   62   62   38   14    6   54  126  118  116   54 
 178  184   24   25   29   48  241   60   16   48   54   99  111   14   12   28   95  121   99    7   62   31    3    3    7   23   22    6    7   23   31   30   60   52   24   49   49   96  120  120   48  113  115  119   31   12   12   28   29  127   71    6   30   31    3  135  115  115   63   22   19   50  118  126   62   54   62   61   97   49   24   24  184  231  103   30   12   12   12   28  127   91   62  115   67    7    7    6   54   54    6   22   20   28   28   24   22   50  115  112  120   60   54   54  113   65   79   12   28   28   57  115   35   35   35    2    7    7   54   46   35   99  103  126   62   50   51  179   96  113  125   62   46  179  243   65   83   63   30   28   60   48  116   83    3    3    7   86   87   35   99   42    6   23   31   24   31   22   55   50    2  114   48   49  113   48   23    3   55   55   39    5   23    7    3    7    2    2    3   31   30   22   62   55   30   30    7    6   54  119   65  245  182  182  163  115   35   25   29   92   48   50   62   54   39   55   23   39    3    3   55   55   54   62   31    6    7    7   62   62   54 
  28   28   60   23   18   20  113  113   63  188  167   79   31   24   12    4   28   61   39  119  150   71   67    3    1    7   22   23   23  118   60   28   28   22   63   39  130   99  113  121  112  113   99  119   29   28   12   28   28   30  103  135   55   51    3   26  191  119   55  119   99  150   22   62   50   34    2  127   65   97  123   58  232  199  103   95   28   60   20   28  127  123  121  113   71    7    7  110   62  119  119   19   19   58  126  140    6   35   99   65  113   31  111   51  113    1   21   63   56   24   61  113  113   57   51    3    3    3  103  103   51   99   96  122   42   35   19  147   97   65   97   35   39   54   51   65   85   30  114   48   56   61  227   99   35   55    7    3  118   52  102  103    2    2   79   26  245  117  113   83   18   50   56   16   48   54   23   35   51   63  103   97   55   51   51   21   55    3    3   39   62   22   62   62   28   28   62    6    6  103   65   97   26   60    7   51  113  121   60   20   60   35   98   99    7    7   23   39    3  103   30    6   14  125   54    7   55   14   61  191   30 
  63   31  156   30   30   36   97   65  115  147  129  239   83   29   62   60   28   60   38   97   55   50   67    3    3   31   30   18   18   54   50   30   22  167   38   21  178   97   65  113  112  160  161   99    1   58   62   24   28   61  241  159   50   83   19    3  135  167   60   30  103   50   50   38   38   54   22  103   97   65  107   54  231  119   65    7   23   52   48   26  127  115   99   99  103   39    1    7   54   55  119  119  123   56  124  147  166   51  113   65   97  111  203  179  115   97   39   54   48   50    1   67  115   48   87   67    3    3    7    7  191  118  119  123   40   63   31  135  115   65   99  115  103   54   55   71  119   52   52   48   49   97   97   39   15   15  115    1   55   54   14    6    7    7   99    7  103  115  115  113  115   48   48   16  176  179    7   35   99    3    3    3   51   50  114   51  113  199    1  103   39    7    6   23   29   28   30    7   23  119   65   97   63   28  119  115   83   99  115   22  118   55  114   51   23   31   71   38    7    1   22    6   14   31    6   31   62   63    6  126   95 
  20   20   54   28   28  176   97   65  113  177  188  125   97   71   38   52   51   55   97   65   32   51   39    7    3  163  183   55   34  151   59   62    7  166   34   55   18   99   65  113  179  163  135   99   83   20  124  115   83   55  225  153  113   79  123    1    3  225  109   14  127   54   54   54   38    6   70  119   97   65   75   14    6   55   89   53    4   52   49    7   39  225  147    3   35   33    1    3   22   54   39   23   63   59   59   23   38    2  115   65   97  113  241  186   91   97   37   52   28   55   33  115  103   99   67   65    3    3   35   50   62   24   30   60   52   62   52   21  117   65   65  179   39   48   48   55  119   53   60   55   35  113   98   23   31    1   83    3    3  118   30   54   53   71    2   54   51   55  125  112   99   39   38   50  179  128  135   11   19   22   95   15    3    3   63   19   19    3    3   99   35   55    6   22   22    7   31    7   23  119   79   15   14   14   47   97  113   99  127   24   24   54   62  115   87   15    7   22   87    3    7    6    6   23   62   63   63   39   46   38   31 
  56   51  177   30   14  144  115   65  119  156  176   96  115   87   22   54   39   55   71    7   83   19   63  103    1    3  151   38   50   27   63   54   23   62  186  178   50  115   65   65    3   67   67  119   58   63   28   93   87   19   35  175   39  172   56   35    1  161   15   62   63  118    6   54   48   54   55   23   97   65  115   62   62   48   49   59   63   55   23  103  101   35  150  135  103  115   39    3  183  166  167    7   79   91   27   19   71   38   95   65  123   62   51   49   56  107   39   48   63   99   99  115   67    3  115   97   67    1    7    6  115  115   63   31   23   30   30   20  119   67   79   29   28   18   16   48  115   48   61   23   35  115   66   22  116  127   59    3    3   55   54   55   55    6    2    2   19  159   60  186   38  167    2    2    3  183  181   49  119  119   30   11    3   35   62   19   19  115   67    3    3   55    6   86   55   63  108    7    7   39   78   30   30    2  127   48   48   34   62   61   26   30   94  121  115  103  103   55   31   33  113    7  102  247  119    6   54   55    6    6   30 
  21  117  180    6  134  130   97   66   46   28   60   86  120   52    6   30   92  111  118   22    6    6   15  117    1    1  151   38  151   25   31   28   50   54   30   22  118  117   39  111   95  127   67  112  112   54   30   24   31   19    3    6    4    6   71    1    1   79  127   54   97  116   38  118  114   54   54   30   99   71   95   30   23   53   49   56   28   31    3   54   27   19   27   14    3   35    7    1  129  128  211  119  123   99  115  115   83   33  113   75   15   12    7  115  119   32   55  110   31   39   39    3    7   18   22   71   65    1    3  115  114  112  109   23   19   23  123  127  103   15   15   12   67  115  113  112   58   93   44   58  118  115   63   60   52   51  115  103    3   18   59  115  247    2   99   34   99  121   48  150    6  225   38    2    3   51   16   48  112  115   28   79    3   39  114   51   19   86   71    1    7    7  103  118  119   55   55   35   39  102   60   14  103   66  120   55   48   48   32   39    3    3   67   67   99   97   99   39   47    1    1    7   39   55    3   31   55   55   55   54    6 
 119   97  119   18   23  146   99    6   12   12   14   59   49   52    4   60   95  103    3   19   39  119   23  103   35    1   71    7  135  163   51   19   35   55   22   60  118   55   47   14   12    3  115   56   48  127   30   31    7  127   98    7  173   63  103   67    1  195    7   55   97   99  118   54  247  183   23   39  127   31   28   15    3  119   48  121   56   46    7  101   99   19  115   26   15   63   67   65  227  182   18   22    7  226  116  191   19  115  119   30   28   62   67   97   96   96   36   58  223   23  103    3   35   55   23  119  119    1    1   51   50  122   28   30   22   61   63  107  251   30   28   63   67   99  112   96   99  241  131  195   65   67   65  119   39   51  119  119   97  115   49   57   31   62  113   32   99  127   16  119   54   49  115   71   23   49   48   48  124  247  255  115   19   19   51  114   30    6   55   97  117   55   55   63   59   19   18    6    6  231   61   23  123   96  115  125  121   63   35  103   54  123   51   34  119  103    3    7   63  113   35    7   54   55   31   15    6   63   63   14    6 
 118   98  147   20  150  144  163   30   12   62   71   67  113  115   31   87   39   22   55    7   35   49   55    6  131    1   35   55  181   52   52   23   23   22   22  254  215    6   46   62   13   67   67   18   51   48  158  135   39   55   19   35   47   63  179  225   65  113  115   62   57  119   30   54   55   46    4   36  190   62   56  119   65  115   49   51  247  179   35   65    3   35   56  122  103  131   23    1  103   55    6   22    7    7   54  142  151   85  119   62   55  119   97   97   97   97   99  178  144   85    3   67   99  127   11   48  177  101   97   51  178  190   28   14   14   60   62   22  159   63  126  127  113   97   96   97    3  178  144  193  113  113   97  225   63   55   55  115   65  127   55   63   30   58   48   48   59   39   53   52   48   48   49   54   62   61   51   51  103  134  240   96  113   27    3   99  126   55   55   97  113   49   55   47   27   19   14   71  127   14   39   84   56   48  115    1  123   59    3    7   15   63   48   40  118   86   22    7   55   49  115  103   54   62  103   14   23   63   14    7    7 
   7  119  177   20  148   28  184   48   55  119  113   99   99  193  128  227   97  123   91   99   99   97   63   34  225   97   99   48   16   22   22    7    7   22    6   20   21  147   51   63   59  113  115   98   99  227  135  183   99   51    3   35   55   31  161  161   97    1   51   56  121  125   22  100   77   12   12  135  188  114   56  120  113   67    3    3  163  176  241   51   51   33  113  112   97  115   55   97   99  183   14  134   22   51   39    6    6    4   21   49  119   56   48   97   65    3   39  134  132  119   49   97   97  120  122  115  112   97   96  115  150  162  158  113  127   63   60   36   30   26   58   48  120  113  103   67  115   38   54   30   48   96   96   51   35   97   97   49   97  119   71   30   27   99   50   58   59   30   54   55   49   48   48   56  124  127    3    3    7   22   56  121  113    1    3    7   54   48   48  112  247  166    6   54   50    6   14    6  127   38  114   48   20   60  113    3    3   55   23    6   14   28   24   60   60  127  118   87   54  115  115   62   38   39   63   11   31    7    6   11    3 
   7   65  118   23   23   14   31   56   52   16  113   99    3  134  148  176   96   96   99   35   99   97   47   50  240   96  119   63  190   22   20   14   42    2   38   46   15   62   56   52   52  112  115   99    3  143  159   63   49   51   55   65  113   61  167  246   97   97   39   39    3   35   52   98  111  156   31   22   16   49   48   48   59   67    3    6    6   28   56   48   56   33   33  114  113  127   48   96   97  243   15  166   22   54  119  115  119   30   60  124   48   48   62  179   65    3    7    6  157  118  112   32   96   55   99  115  118  113  113   51   35  150   54  115  119   54   48   54   31  113   48   48   56   54   47    1   39    6   54   60   48   32   96    3   99   50   56   48   48   48  115  127   30   67    2  135  157   94  126   87   99  113  112   48   62  127   99   95    4   22   48   56  121   99    7    7   22   60   48   50   63   62   38   54   63   22   30   38   55   50  114  112   55   55  126  101    3   35   54   94   60   28   24   22   55  117   99   19   17   26   55   52   62   55   63    7   30   54   54  103   23 
 127   97  103   55  113   56   63   48   16   16   50   35    7    6   28   60   48  113  113   48  112   97  115   51  112   96  118   60  156   48  116  127  111   35   39   62   26   57   57   48   48   51   51    7    7    6   12   56   32   52  103   97   52   52   52   56   48   97   47   39   62   30   94   51   51  176   54   30  115  113  120   56   55  135    7    7    4   28   48   56   48  113   49  123  115   57   56  112   97  123    6   39    7   23   54  186   60   62   47   96  112   49   23   71    3    3    7    6   22   48   48   48   32  179   22   51   48   48  112  103  199  199   54   51   55   52   38   54   59   49   48  112   55    7  195    1    3   31   55   28   48   48   49   67   99  115  113   49  112  112   30   31   22   63    2    2   22   95   63  122   11   35   35   63   57  113  247   62   54   22   60   48   48   35   39    7    7   28   22   22   31    6   63   30  102   54   23   53   60   53   48   96  183   55   47    7    3    3   20   52   48   62   22    6   51   91   91   63    3    7   54   62  126  126   63   23    6    6   63   54   54 
 119  115  178   54   16  177  109  112   16   48   50   39    7    7   15   31   56   52   52   48   48   55  113  112  120   48   99   51   20   18  183   51  112   61   37   54   50  115   48   48   49   51  178   54    7    5   12   46   62   48   48  120  190   55  113  113   48   52   23    7    7   31   56   48   48   48   50   55  117   48  112   63  159  134  119    7   23   30   88   58  116   53   61  115   67  121   57   48  114  187   23   55   63   24  119  119  159  151   97   48  113   49   23    7    7   65    7   31   22   48   52   52   38   55   22    3   49   49   63   49  211  179  176   55   50   60   30   26  115   49   49   55   39    3  225    3    1   31   18   16   49   49   59  127    6    7    3   27   60  126   30   30   54   48   61    3    2   30  112   58   35    3    2   14  158  186  147  239  115   56   28   24   55   39    1    3    7   22    6   55   63  118  119   14   50   62   51   39  102  119   51   99  176   23  131  167   39   23   20   16   62   62   63   39    7   59   22    7    3   39    6   38   63   15    2   23    7   62   63   20   22 
 126  112   16   30   22  177   96   96  115   21   55   51   22   23    3   31   24   16   48   52   52   84  119    1  127   62   47   51   54    2   30   58   48   60   12   62   54   99   49   49  127  103   48  177   51    1   25   31   16   16   52   60   30   55    1   17   23   28   31    7  103  121   93   58   52  118   38  247   49   49   55   50   31    6  101    3   19   22   16   24   30   28   30   23    3    1  113   59   46  143  167   49   56   24   48   55  183  240   99   49  115  119   21   45  117  127    7   23   16   48  126   30   55    6    6    3    3   59   30   30    7  119   62   60  176   46   28   61   99    1   97  118  133  167  118   99    7   23   16   48   49  145   30   30    6  119   65    3   22   54   36    6   23   29  121   35    2   18   49   49   55    3    2    2  131  174   26  115   48   99  125  119   55    7    3    3    3   31    6   63   30   30   30   30   62  127  119    6  118  115    3   99  191  156  156  177   54   54   31   57   62   14   39   55   23  119    6    7    7    7    7   46   30   31   55   30   22   62   63   22   55 
  56   52   57   28  148  225   97   99  115   21   55   55   26  127   23   23   16   48   94  158  156   54  103    1   65   15   12    6  134  135   30   16   48  183   56   24   50  113   65  115  127  119   60   37   53   23   23   16   48  184  188   22   14   22   71    1   23   29   31    6   93  125   56   60   48   19   22  125   67    1   39    2  155   54  118   35    2   22   60  180  146   93   63  167   35   99    3  103   63   31    7   61   28   28   28   56  180  188   35    1   35   54  188  225   49  112   54   23   31   62  127   55   49   35   23  119    3    3    7   22   23   22   30   60  190   60   20   60  125   71  103   58  188   58   56   48   39   23   51   98   34  251  230   31   23   23   51    3    6   63  115   51   61   55   19   18   54   62   59    3   39  119   23    7   23   60   28   24   48  127    3    3   15   71    3    3   67    7   54   28   30   62   58   62   42  115  119    7   55   55    7    7   30   18   24   24   48   51    3   95   55   15    3    7   55    7   38   55   63   31    3   35   54   23   63   30   54   95   54   54   62 
  60   52  184  188  148  147   99   67   54  119  114  126   58   56   22   23   51  180  148  148   54   52   51    3    3   11   47  166  134    6   12   28   26   31   62   59   48  119   67  119   55   32   60  124   48   55   31   61  190  231  150   22  158  178   39    3   31   51   55    6   30   20   22   23   31   28   20  114   67    7    7  119   61   28   48   50   35   83  119  243  215  103   38  167  153   23    3    3   23  151   54   62    6   12    8   24    4  188  119   71   15   63   60   60   52   48   49    1  199  132  253  115   33  177   49   60   63    2    3  227  166   22   58  121  127  158   23   31   95   71    6   82   28   30   16   48   51    1   35   39   35   34   54   29   23   51   62    6    3   59   63  127   60   51   23   16   50   50   51    7    6   14   54   52    4   54   28   24  124   99    3   54   55    3    7    1    3    7  111   12   62   55   50   18   54   18    7    6   30   60   31    6   22   16   24   56   56   63    3   23   54  253   99   39   51    3   34   19   50  115   65   99  125   60    6   54   54   87   62   62   62 
 144  144  128  158   50   50   51    2    6    7   52   56   56   48  117    1   11  130  144   18   55   53   54   55    2    3    7  165  164   62  189  173   59   26   30   18   52    7    3    6   63   62   62   48   48   33    1  103  247  130  179   51  180  183  121  114    3   67   38   55   50   55   38   55   63   62   22   62   39    7    6   23   28   28   48   50    3    3  103  117  118   23   23   54   56   52   99   67   99   55  118   62   14  183   60   62  134  165   50   15    7   18   18   28   60   56    3    1   67  131  227   57   57   48   56   57  111  103   67   35   38   23   39  119  127  158   31   23   31   22   22   22   60   28   52   54    1    3    7   39   39    6  119   61   35   34   47   79    1  115  117   61  180  163   19   18   55   23   55   62   12    4   52   58   63    2   22   50   63  114  246  118   54   22   23    3    3    3   31   63   54   54   54   18   54   30    7    6   62   62   30   31   22   54   53   55   51  119   99    3   39  179  115   47   54   46   14    6   54   71    1   99   51   60   30   55   26   22   55   62   63 
 176  150  130  179   50   34   39   23    6    4   20   24   58  112   17    1    3   87  144  146   48   56   48   55   67    3  119  125  117   56  177  177   55   55  183   52   48   55    6    6   14   12   28   60   48   37    1   97   83   34   50   51   54   54   81   67    3   67  116   23   54  100  160   55   18  123  101  246   51   14   47   26   30   30   60   63    3    1    3  231   28   60   48   48  184   48   97   65   97   62  190  141   45  161   39   34  163  165   16   51   63   31   30   28   62   50  211    1   67   83   62  121  127   50  115  115   63  127   65   99   30   31    7   22    2   22   62   17   19   18   52   38   23   54  115  247    3   67    1  101   35   38    6   39   35   42   22   95   65   97   35   23  158  190   61   18   55   23   55   56  124  118  127   61    7   19    2   22   23   22   55  127   63   23   63   63    3   51   55   14   62   62   55   22   55   31    6    6   58   18  126   30   30  158   60   30   18  118  102   35   67  183   55   22   30   15    6    6   39   55   97   83   31   30   20  150   62   38   22    6   62 
 178   22   18  114  112  114  162   22  156   30   30   62  231  114   19    1    1   51  113  209  120   48   50  115   65   65  117   49   33   54   55  183   50   35   31   58  245  245  199  150   28   60   52   63  131    1    1    1   23   54   18   16  247  180   23    3   99   65  120   31    6    6  151    7   62  120  124  222   19    7   60  178  150  166   52   60   23    1   67  123   56   56  180  177  225   97   99   65   51  191  160  144  144   49   19  167  160   35   48  112  240  176  184   22   54    6  213    1    1   99  124   56   55   38  114   96   51   67    1  119   62   60   50   22   55  147   97   57   48   52  112  126   56   50   50   50   55   71    1    7   38   50   62   46   26  126  114   91   65   65   51  151   91   63   63   50   62   31  113   55  115  115   23   52   31    6    6    3   55   50   55   28   60   60   51   55   51  103   39    6   14   23    7   55   55   22   63   60   18   18   51   22   54   55   30   60   62   30   62   55   19  126   14   30   31   63   30   30   62   46   71   87   30   22    6   23   28   28   59   46   30 
  23  146  176  112  113  102  246  150  152   24  150   30  131    2    3    7    3   99   97   48   56  120   48  177   81   97  117  114  119  103   18  151  177  162   14   31  159  184  160  178  146  176  214   36  175   33    1    3   35  114  113  119  150  178   52  125   97   65  127   28   62  115   99   23  188  117  125   60   58   51  158  181  179  163  127   54    7    3    3   35   55   30  182  140  184   32   51    1   91   58  184  156  149   22   54  158  172  119  124   60  252  179   55   22   54   12  158   39    3   99  118   28   63   30   46  106  109   47    1  125   62  190  188  159  175  125   95   63   60   60   60  124   62   62   56  108  125   15   31   63   63   30   30   14   30   30   58   94   71   79   47    7    7    3  115   50   60   28  109   31   28   31   14   12   28   30   14   31   95   30   28   28   28   12   14   30   30   14   28   12   12   15   55   22   31   62   48   60   12   12   12   12   12   12   12   12   12   12   12   12   30   60   12   12   12   12   12   12   12   12   14   30   71   19   54   54   28   58   50   39   59 
  55  150   62   46  143   29   28  216  158   30   58   30   22   18   22   63    3   67   55   60   60   60   60   60   19   67  115   62  119   79   30  159  145  210  180   60   28   56   40  174   12  158   13   12   44   46    7   31   59   62   29   13   28   28   28   29   71   71   62   12   31  119   86   62   56   17   49  184   42   31   28   45   63   47   30   20   15   15   39   54   28   14   28   28   12   12   28   15   15   28   28   30    7  159   62   58   56   28   12   12   12   12   12   12   12   12   12   12   14   62   28   12   12   12   12   12   12   12   12   12   14    7   63   31   28  125  120   60   12   12   12   12   12   12   12   12   12   12   30   30    4   12   12   12   12   12   12   12   24   24   15    3    7  150  177  113  117   60   12   12   12   12   12   12   12   12   12   12    4   12   12    4   12   12   12   12    8   12   12   12    7   67  127  118   12  125   97   48   12    8   12   12    8    8   12   12   12   12   12   12   12   28   28   12   12   12   12   12   12   12   14  110   67   83   62   30   54   38   22    7   19 
  29   31   58   62   56   28   12   12   12   12   12   12   12   12   12   12   14   22   30   12   12   12   12   12   12   14   14   12   14   14    7  148  150  243  120   56   28   12   12   12   12   12   12   12   12   12   12   28   28   28   12   12   12   12   12   12   28   28   12   15    7    7   52   28   60   59  115  116  124   12   12   12   12   12   12   12   12   12   12    4   12   12   12    8    8    8    8    8    8    8   12    6   67   95  126   99  112   52   12    8   12   12   12   12   12   12   12   12   12   12    4   12   12   12    8   28   28   12   12   12    6   67    7   14   58  113   97  117   28   12   12   12   12   12   12   12   12   12   12   28   20   28   12   12   12   12   30   26    8   31   67   67   67  114   49   97   97  125   12   12   12   12   28   28   12   12   12   30   23   31   14   30   28   12   28   28   31   31   47  110   67   65  111   12   15  107   97   33  252  140  140  140  140   60   28   12   12   12   12   28   12   30   62   60   28   12  174   37    5   15  207   97   65  103   38   55  183   38   22  125   23 
  28   60   54   97   48   60   12   12   12   12    4   12   12   12   12   12   12    4   12   12   12   12   12   12    8    8   12   12   10    3   67  119   54  115   97   49   60    8   12   12   12   12   12   12   12   12   12   12   60   52   12   12   12   12   14   14   14   12   14   75   65   87   63   54  164  122   99  113  127   12   12   12   12   12   12   12   12   12   60   55   30   12   12   28   30   14   62   30   12   28   79   67   67   99   98   97   97  101   92   12   12  140  156   28   12   12   12   12   28   30   18   30   28   12   14   15    3   31   30  111   65   65    3    3   22   97   65   97  221  140  140  173  173   45  126   28   28   13   60   55   51   30   14  142  173   53    7    1   27   89   65   65   71   97   97   65   65   65  147  227   60   28   30   30   28   14   62   30  127   62   30   30   28   30   63   30   15    3   35   97   65   65   99  111   23   83   65   65  193  128  128  128  192  112   20   95  127  124   14   62   60   45  118   62   31  103  182   35    1    1  193    1   65   71   54   55   55   50   55    6   14 
  60   61   51   97   97  109   60   44   14   30   12   12   12   12   12   12   14   22   62   12   12   28   28   31   27   13   14   30   79   67   65  119  180   35   65    1  121   45   61   28   28   12   12   12   12   12   12   28   61  113   63   28   12   30   31   55  127  134  133   65   65  101   23   55  115   65   65   65   97  241  189   60   28   30   31  126   92   60   30   62   63   62   30   28   30   47   47    6  143  146   99   65   65   99   97   97   65   65  193  132  128  128  224   61   60   14   62   22   30   62   18   62   60   31   15   67   97   51   19   97   65   65   19  118   54   65   65   65  193  128  128  128  128  195  115   28   30   63   16   55   50   26   67  195  163   63  101    1  131  193   65   65   69  177   97   97   65   65  129   97   96  108   15   51   29   34   63   30   34   56   47   63   63   55   58   63   71   65    1    1   65   65   71  119  119  115   65   65  193  128  128  128  193   97   48   87   99  125   94  127  127   47    1  125   91   99  240  131  129    1   67   65   65   71   55  180   28  184   55   28   60 
   6    7    7   65   65   97  131  131   96  120   28   28   60   60   30   62   60   30   30   24   30   22   30   15    7   49  182  160   65   64   65  225  163   34   65   65   65  165  241  124   60   14   30   28   70  127  126  126   62   48   30    8   78  119   28    7   35  131  193   65   65   97  119  118   83   65   65   65   65  193  224  123  121   31  119   21   22  127  127  127   52   20   31   57  123  127   61    6   99  193  193   65   65   99   99   65   65   65  193  128  128  128  225   96   60  111  119  103   51   63   50  123  119  127   67   83  113    1   33   97   65   65   81   62   50   97   65   65  192  128  128  128  128  193   99  113  127  115   23   54   35  115   67   65  195   51   55    1   99  227   65   65  227  209   65   65   65   65  128  225   97  127   79   99   99   97  117   22   39   35   19   41   59   51   54   51   98   99    1   65   65   65   99   99   99  103   65   65  193  128  128  128  129    3   35   51   35  115   55   55   22  122  123  127   19   99  224  128  131    3   67   65   65   99    7  150   28   62   54   60   62 
 182  230   42   65   65   65  128  128  229  113   55   23   51   61   27   51   61   93  121   89  123  113   52   38   99   35  182  129   65   65   65  193  103  179   65   65   65  132  113  113   61   47   95  125   70  113   55   55   55  119  111  121  107   25   63  119  115  163  193   65   65   97   54   54   83   97  113   65   65  161  241   99  121  123   69   55   51  115   51   51   99   55  115  107   97  113   49   98   97  192  193   65   65  115   99   97   65   65  193  128  128  160  225   97  127   56   97   48   83   87  127  103   87  119   97   81   85    1   35   33   65   65  113   56   50   97   65   65  192  128  128  128  128  193   97  111   63   63   55   54   55  102  103   97   89  121  163    1   67   67   65   65  227  241   97   65   65   65  130  193   71   30   86  126  126   53  127   62   63    7   28   31   31   63   60   44   86  115   35   65   65   65   97   34  103  103   65    1  193  128  128  128  131    3    7   62   56   55   30   28   28   62   63   31   93   55  128  144  145    3   67   65   65  115  227  135   22   31   31   55   22 
 182  115  103   65   65   65  128  128  193   99   83   55  115  117   55   39   35   99   97  115   98  115   54   48   97    1  161  129   65   65   65  225   39   98   65   65   65  128   97   81   53  101   87  103  119   49   35   51   23   55   50  116   29   91   63   55  103  131  129   65   65   99  182   16  242   65   65   65   65  227  119   97  127  120  116  103   55  115   51   51   55   23   62  102   60   63   63   59  116  208  193   65   65  103   99   97   65   65   93  127  195  240  113   83   63   30   60  112  103   95   30   46   46  126  115  119  103    1   33  227   65   65  119   60  114   65   65   65  193  128  128  128  130  151   39   15   60   62   30   60   62    6  118  114   28  188  166  135    1   65   65   65   67  240  117   65   65   65  154  143    7   30   28   14   12   28   60   28   30   22   30   30   30   30   60   12   28   61   47   97   97   65   69  167    7   97   65   65  199  140  140  140  136   11   14   28   28   30   12   28   28   12   28   38   54  142  140  152   28   29   89   91   65   19  227  187    6  127   31   54    6 
  39   99   97   65   65   97  128  128  161   67   30   16   83   91   60   54   46  126  127   71   30   31   61   31   95   65  193  128   65   65   65  227   34  103   65   65   65  128  193  115   54   62   62   38   55  115  113   59   60   38   22   28   12   24   13   15  119  225  193   65   65   67  115  211  199   97   97   65   65  135  199   71   13   28   30    6   30  122   93  103  127   14   30   28   28   28   30   62   60  156  241   97   65   99   99  113   65   67   93  127  221  156   31   31   28   28   12   60   30   14   30   46   14   28   60   62   47   25   17   91   81   65   97   19   51   65   65   99  205  140  140  140  142   30   31   12   12   12   12   28   12   94   94   29   28   12   12   29   85  125  115   97  199  131   35   97   71   79   12   12   12   12   12   12   12   12   12   12   12   12   12   12   12   12   12   12   12   12   28   20   61  113  231  148  119   99   65   71   44   12   12   12   12   12   12   12   12   12   12   12   12   12   12   12   28   28    8   12   12   12    4   28  113  115  183   54   30  127   27   22    6 
  63   63  115   65   65  101  140  140  167   15   12   28   30   12   60   62   14   28   60   60   28   28   12   12  125   97  221  140   81   65   65  199  162  114   65   65   79  158  159   30   28   28   28   30   12   60   30   30   28   15    6   12   12   12   12   89  113  253  221  113   97   87   71  119    7    1   33   67  111   14   12   12   12   12   28   12   28   28   12   12   14   14   12   12   12   12   28   28   28   12   60  113   97  127  103  115   71   79   12   12   12   12   12   12   12   12   12   12   12   12   12   14   14   12   12   12   12   28   28   28   89  113  117  159  147   99   71   14   12   12   12   12   12   12   12    8   12   12   12   12   12    8    8   12    8   12   12   12    4   12   56  113  199  179   59   35   79   15   12   12   12   12   12   12   12    8   12   12   12   12   12   12   12   12   12   12   12   12   12    4   60  121  122   62  115   71    3    6   12   12   12   12   28   28   12   12   12   12   12   12   12   12   12   12   12   12   12   12   12   12   12   28  120   84  158   30   23   19   30   22    6 
  22   55   51   67   71   79   12   12   12   12   12   12   12   12   12   12   12   12   12   12   12   12   12   12   28   20   12   12  125  113   97  193  224  113   65   71   78   12   12   12   12   12   12   12   12   12   12   12   12   12   12   12   12   12   12   12    4   12   12   28  113  103    4  127  127   33   35   71   14   12    8    8    8    8    8    8    8   12   12    4   12    8   12   12    8   12   12   12   12   12   12   52  112   99  103   23    7   15   12   12   12   12   12   12   12   12   12   12   12   12   12   12    8   12   12   12   12   12   12   12   60   48  113  150  134   67    6   14   12   12   12   12   12   12   12   12   12   12   12   12   12   12   12   12   12   12   12   12   12   12   60  116  115   19   19   71    6   14   12   12   12   12   12   12   12   12   12   12   12   12   12   12   12   14   14   46   14   30   28   61   60   48  127   48   63  127  118    6   12   12   12   12   28   28   12   12   28   28   12   12   12   12   28   28   14   14   14   14   30  124   56   60   62   38  134    6   55   23   22    4   60 
 118  103   51   99   14   14   12   12   12    4    4    4    4   12   12   12   12   12   12   12   12   12   12   12    4    4   12   12   60  120   97  225  195   67   67   15   14   12   12   12   12   12    8   12   12   12   12   12   12   12   12    8   12   12   12   12   12   12   12   60  112   65  167   62  125   38  103   14   14   12   12   12   12   12   12   12   12   12   12   12   12   14   14   14   30   28   60   28   12   12   12   60  112  113   63  119   23   14   12   12   12   12   12   12   12   12   12   12   12   12   12   12   14   14   30   28   28   28   28   28   60  124   97    7   23    2    7   30   28   12   30   28   12   12   12   12   12   12   12   12   12   12   31   14    2   14  126  112  120   93   60   63  103   19  177  147   23   12   28   12   30   30   12   12   46   63   15   14   12   12   14   14   14   14    3   51   31   55  119   49  113   55   54   30   60  179   31   62   31   31   30   30   28   30   30   28   28   62   23   28   28   28   30   31   31    7    6    6   30   48   48  176   50   22   30   14   63  188   31    7   54 
  34   39   55   55   14   14   12   12   12   12   12   12   12   12   12   12   12   12   12   12   12   14   28   28   28   28   28   12   28  124  112  117  147   35   51    6   14   12   12   12   12   12   12   12   12   12   12   12   28   28   12   14   14   30   30   62  124  124   12   28   52  100  115    3  151  134   55   38   14   12   12   12   12   12   12   12   12   12   28   28   12   30    6    6   22   56  113  121   63   30   60   62   62   54   50   39   62   63   63   60   62   30   28   28   28   31   15   92  156   14   30   14   71    6    6   30   28   48   51   30   58  186  115   55  183   31   23   31   56   62   62   28   62   28   28   61   61   31   23   63   55   60   46    6    2    6   28   56   48  247   63   22   38  163  162  243  119  118  182  158   50   55    6   38   39   19   55   62   18    6   30   62   62   35    3    7    6  127   48   33  113   48  190   22   54   49   33   62   63  119   31   26   60   22   63   30   85  119   63   30  134  135  151    7   31   30   15   12   28   24   57  183    7   54   62   22   54   52    6    6  166 
