1
0 1
OK
0
5 238 71 16898 -2147483648

 146   50   50   62  188  128  132   16  145  241   82  131   35  213   22    6   54   20  179  181   60   34   55  248   28  135  132  134  150  176  182  182   63    7   39   34  113   48  173  128  180  191   31  134  151   28  152  148  213  225   39   30   28  167   22    2   23  179  163   38   96   36    4   54   22   50   38    7   63   38   14   55   19   19    3  134   50  177   47  190   48   53   51   30   54   51   35  111   51   39   62    2   38  166  129   53  180  176  255   23   23  150  140  142   14  158  254  118   63   31   22   39   99   59  126  242  245   54   26   22  162  162   55   49   16   63   18   54   54    7    7   94   87   22   23   23   35  113  115   55   87   34   47    3    3   23  119   63   60  133  115    6   63   95  247  113  123  115   23   71  111    6  127   95   71  119   55    7    7   23   51  118    3   39   62   51    7  119  115   59   75   55   54   22   87   63   95   15    7    6    6   15   34  113  127   60  127   99   53   55   55   54   30    3   63   62   54   23    3    3   27   47   62   62   26   31   63   30    6    7    6  119   23    7   54   51   30   31   54   60   30   62  127   70   63   95   14    6 
 146   54   54   22   51  131  224  224  184  188   23    3  161  129  134   30   22   30  190   18   60   39  183  227   55  131  128   51  179  182  182  182   62   55   49  226  183   54  134  128  178   48   18   38   54   22  150   28  148  162  163   62   22   38   45  223    7    7   83  135  164  166  132   60   30   22  151  119    6   14   63   55    6   71    3   18   83    3   29  190  186   48  116   95   50   50   35   55   34   55   99    3    7  174   43   19  150  180   60   28   30   30    7    6   14    6  126  118   23   55   38   62   38   99  227   35   37   31   19   71  166   35   54  127   89  123  179  146    2    2   38   39    6    7  150  182  142   31   23    2  107   62    7   67  102    4   55   31  183  152  119   23  126   22  114  118  119   62   63   51   67   39   55   23  227  199   23    7    7    7   23    7   51  127   31   55   22  116   54   39   63   54   30    6  103  112   86   39   19   31    7  102  119   71   38   51   51   98  102   61   63  119   60    6   87   31   23   23   19   31   15   31   55   62   22   30   38    6    7   39   43  103    7   63   30  114   63  118    6   30   31   52   63   14   31   30   63   22 
 150   52   52   55   55  146  224  224  191  190  119   54  179  180  180   28   18   30   31   23   38   52  175    6  142   30  156  126  119  118  195  135  190   56   48  183  135    6  134  132  140   78   31   59   48   55   54   50   71  151  146   54    6   50   22    6   55   54  128  134  134  132  128  166    6    6  134   54  103   95   47  166  182   51    7   22   23    7   22  146  178   48   63  166   34   39  163  182   38    7   55  179   19  107   59   51   22  151  148   28   30   54   55    6    6    6   51   55   23   32   50   62   50   22   20  161   55   59   51  115    3    7    4   55  119  112  146  135    6    7  103  114   23    6   55   35   39   23   55   27   58   47   35   99   52   30   55    6   87  116  119   28  127   23   55   55    6    2   54  125  229  177   54   50  163  227    3   31   30  119  115  119   55   91   67   51   55   63   55   30   30   95   23   23  231   95   94   54    6  127   55  118   55    7   55   51  115   35   71    7   23   23   14   14  119   23   55   55    3    7   31   15   14   47   22    7   63   18   19   63   62   62    6    7   15   22   29    7    3    7   23   30    6   39   55   22   31   62 
 167   39   39  100   39    3  128  128  130    6   23   86   83   55   55  158  189   29    7   55  183  134   23   62  142  158   28   31   38    4    4  150  150   54   58   51  155   31  145  157  156   30   62   11   35   55   87   67   71  135  178  151  151  176   62   18   54   54  134    2  135  180  182  134    6   55   38   23   23  183  134  128  135    7    7   54   55   31   20  132  176   54   31   38    6    7   51   62   22  119  182  178   51   47   63   51   54   23  150   15    6   54   50   23   51   46   54   54   55   51   54   55   51   63    4   39   28   16   63  187    6   22   23   39   55   52   51   31   71   71   99   51   55   38   63   35   35   55   52    6    2   63   39   35   54   62   47   15   22  121  119  119  119   55  119  127   11   31   30    6  182  181   55  126   99  127    7   23   23   35    6  118  117  119  102   51   51   23   23   62  151   63   23   55  183   37  125    6   30   62   54   46    7    7   62   62  119    2   39   39   51   55   43   78  114   31   51   51    3   19   19   47   38   14   22  119  126   86   51   54   55   62    6    6   14   55   55  127   51   18   55   22   60   38   54   63   55   62 
 167   26  187  163  163  130  128  128  130    6  166  244  246   22  150  146   28   22   63   61  176  182   59   58  186  158   63   23    6    6    6    2   22  178   51   59   48   25  161   51   30  134  134   15   19    7    4   50   22  167  146   18  146  164   22    6   38  182  135    7    7   51   23   18  146   24   28  154  151   20  228  134  175   54    7    6  120   60  180  164  150    6    3    7    6    6   50   39   19  251  175   30   22   55   20   54   20   23   31   30    6   62  122  115   55  116  126    6   23   55   54   55   63   63   22  151   19   58   31  135   38  103   34   35   51   51   58    7    3   55   55   51   51   98   96  115   55   55   54   39  126  127   23   28   30   34  103    7  126   51   49  115  115   50  117  101    1  115  127   71   54   23   39   63   59   55   54  119   87   35  117  117  115  119    7   63   55   54   54   62   31    3    7   63   39    3   35  103   54   62   54   54   54   54   54   63   27   31   30   63   59   63   39   46  119  151  182  115   99  127    7   30    4    6   55   55    6   55   47  127   31   15    7   14   62   35   31   30   30   30   30   14   62   30   62   46   38   30 
 163   51  119   39  128  128  128  128  142  142  160   50  190   19   54  180  134   55   30  126  118   54   60   48   51   54   18   29   31    2    6   22   50   48   59  145  161  129  160   58   30  139  135   46   55  215  146  182   54  166  151  146  154  240  127   31  143  131  131   71   99  161  149   20  182   62   60   56   22   31  110   30   63   62   30    6   62   60   56  184   52   22    2    7    6   22   55   39   19  149  179    6    7    7   31   63   22   31   27   30   38   38   99   99   19   48   62    6   23    6    6   55   51   54   16   85   39   59   51   55   55   35   99   99    3  103  107  103   31   39   54   54   54  102  127  118    2   30   62   38   71   71   49   52   53  167  134   71   71   35   35   38   51  182  161  155   31  119  115   95   19    6  114  115  103   23  119  103   59   62  113   99   39  127   59    7    7  127   95   51   50   71   39  123   55  115  115   99   55   22  119   51   54   62   54   34   51   63   38  119  123  125   22    7    7  167  131  103    7   23   20   30   63   50   55    7   22   62   30   30    6    7   39   62   62   54   30   30   30   58   62   62   62   60   62    6    2   30 
  41   34   87  183  135  133  144  176  148  150  150   22  159    3    2  150  183   39   51  114  102   63   62   23   31  158  158  155  155  179   55   62   98   96   63   21  165   48   55  185  182    7    7   52  117  209  255  119   55   39   53  162  184  148   63   23    3  193  115  115   95  151  149   55   55    7   39   50   22    7    6   30   62   30   60   52   87   22   60   62   30   30   31  135   54   55   39    7  189   30   54   55   39    2    3    7   38   38    7   59   54   35    3    3   51   49   46    6   23  151  150   53   61   62   51   54  166  119   51    3   14    3    3   19    7    7  118  106   63  103   50   55   55   53  127    7   10   58   54   54  183  131  163    5   53   35  162   39  117  115   83   54  135  130  128  188   14   55  119  251   34  118   51   50  103   99    7   63   59   95   99  115   55   60  124    7   35  115   27   15   55   79   47   47   55  116  113    1  119   63   99   55   26   55   55   54   38   54   39   23  119  119   23   31   51   55   31    7    6   39   55    7  119   55    6    6    4  103   55   23    3    7    6   52   50   50   55   23   30  114  118   62   54   55   63   22    6   63 
 113   55  147   49  231  244  145   53   52   22   22  134    3  163    3  159   15  119   51   98  254  254   38   39   22   62   22   59   51  178  190   60  118  241   17   21   52   49  177  177  113  167    6   39   63   63   60   51   19    7   87   50   51  163    3  103  163   19   55   18   62  119   51   55   23  159  176  115   55   15   28   62   38   54   62   60   30  150   60   55   23   14   52  183  119  113   55   18  167    6   39   55   51    3  155   67   55   39   14   31   28   39   51  115   55    7   38   95  127   34   22   56   63   31   39  119  103   23   22    7    7    7   99   23    7   71  102   39   55  114   31   31    7    2  115   19   23  163  182   53  179  183  133  179   50   34   50   60   37   51   50   22  150   28  176  119   35   54   63   35   51  115    3   54   39  115   19   19   34   35   99  115  114   35  127  102  115  119    6   15    7   71   30   30   55    5   63   87   39   62  103    4   22   22   15    7   62  127    7   47   62   95   23   95  123   58   55    7   22   31    6   63   39    6    6   38   38    7    6  119    6    6   54   55   26   43   63    6   62   50   63   26   39    7   30   31    7    6 
 146  151   19   50   22   16   17   55   54  183  119  103   39   51   23   31   63   50   51   31  156  150   54   34   56   31   47   62   39   48  158   30  180  130  146  177  179    3  134  150  245  161  183   54   60  127   58   23   19    7   55  178   32   55   55  115   39    7    7   19   62   63   50  183  183   48   16   86    7  119   20  180   39   39  179   63   62  166   31  151    7   54   54   54    3    2   39   51   39   38   99  182   63    2   19   83  111  127   52   62  142   53   51   62    3   14   30   30  127  223    7   31   23   38  167  247    3   55   70    7    7  163   55   52    6    7   55    6  127   31   47   14    7   22   51   34  182  130  190   49   35    3  143  251   54   47   63  101  167   51   51    6   62   54   60   31   35   55   31   19   50  114  102   54   54  115  115   39   38   34    6   51  115   99  103  114   55   55   47   46   22   63   22    6   62    7   55    7   31   55   23  119   55  103   15    7   62    3    7   23   63    6   23   62   63   63   51   55  115   31   54  119    7   38   63   63    7   23   22   22    6   30   63   55   30   31    7   15   30   50   55   55   63   23   31   63   63    6 
 176  243   19   18   22   14   30   95   50  162  119  115  103   60   28  211   35  119  144  144  144  148  180  162   55   23   39   54   54   50   62   62  182  128  128  164  183   51  214   22  146  180   62   54   54  180   56  151  161  183  180  176  115    7   52  177   23   55   27  149  158   30    2   18  181  243  182   20   46  178  180   54   51  147  146   54   48   54  159   29   21   52   22   46    7    6  231  176   50   50  158   28   50  178   83   50   47   63   54   55    2  135  103   26   26   10  124   54   39  167   39    7    6   38  103  183   51   55   39    2   55  158  182  182   30   14   31   55   58   59   55  135   39   38   59   58   38    7   51   55   35   31   23  115   54   62   61  125   51  151   33   63   63   39   28   95  123    3  151   23   35   39  111   34   35   23   23    7   55   51    7   63   35   38   71   87   62   30  174   38   38   47   63    7    7   54   59   55   63    7    3    7   54    7    7   31   15   35   54  119   54   30   31   30   63    3    3   51   50    3  115  115    3   63   54   54    7   23   22   30   14    6   14   55  119  119    6   23  119   48   54    6    7   23   31   55    7   22 
 178  119    6   30  134  134   46   63   35    3  179   18   38   44   60  243   55  244  129  176  176   60  148  130   30   28   22   54   54   35   23   52   48   48  134   38   52   53  113   53   19   22   54   48   54   87  155  152   22   18   22   16   51   55   54   54   22   22   20  180  150   22  134   26   30    6  182   20   62  150  134  166  163  162   18   51   18   55   63   26   22   22  174   47    6   46  226  170  146  159   15   47   50   50   50   51   19   23    7  151  183  135  199    2   14  110  117   52    3   38   51   55   55   47    6  150  183   39   53    7  178   30    6  134    6    6    3   35   63  127   23   23   54   55   27   58   38    7   23   54   99   54   55   23   54   55   23   18   95  143  199   99   30   62   63   63   46   63   19   55   23   79   55   58    3    6    7   47   34   34    3    7    6   14   71   23   30   12   60   39   39   15   23    7    7   55    6  127  119   39   55  103   94   38   39   39   22   58   50   45   63   62   54   30   61    7   63    6    6   38  114  126   63   63   55    6    3   55   63   22  118   62   15   31   54   20    6    3   79  127   54    7    7    7   22   63   30   62 
 132   21   23   22  150  166   52   21   23   51   55   26   51   39   23   54  178  130    7  178  183   52  180  180  150   14   60   52   52   30   62   52   48  176   38   38   23   23   51  167  134  134  166  190    6   11   47  183  151  158   31   22   19   35  163   86   22  118   48   53   54   48   62   30   63  178  182   58   20   30  179  160  180   38    2   37    7    6   62   62   62   36   36   51    7   47  130  135   99  229  103   55   52   95   34   51  119   23   55  183   23   23   35  183   55    3   55   30  119   55   55   17   54    2   54   54    4   38   55   34   50   22    7    6    7    3   51   63   45   54    6   54   22  119   49   19   23   23   63   54   14   26   54   38   38   55  167  111  103   35  227   67   31   30   23   55   47   35   67    3  117   19   54   55   55   53   39   35   34   34   39  183  148    6   71   71   23    6   71    7    3   15   31   55   19   31    6  115  115  101   63   53   23   39   55   63   62   58  113  103    2  111   23   63   71   95   14    6   54  118   55   63   62   62   54    7   55   50   62   51   19   63   63   31   51   53   55   30   63    6   39   22    6   94   71   79   63   62 
 148   36   39   23  148  160  253  223   23   51  182   30   22    6   39  164  160  150    6   39  227  130   51  182   14  156   28   62   20   63   60   54   54  150  162  190   31    7   55  162  152  144  176   54   46   62   46  167  135  190   60   87  135  135    6  116   52  102  226  179  182   54   54  134  178  178  162  170   14   62  182   49   39   55   54   53  163  190   30    6   23   39   55   22    1   23  130  183  191   48  119  119    7    7    6   62   55   23   51    1    7    2   22  118   47   39   35    7   59   58   35   39   54    7  115  116   54   38   39   30    7    7    7    7   23   23   55   62   44   38   30   62   28   50  166  159   27   30   39   55   22   58   60   35   54    6  178   99    7   39   35   35   55  158   23   35   54   54  103   55  183   23   39   34   39   35   51   55   38   39   39   63   52   51   22    7    6   38   71   22   38  183   31    7   23   22   62   55  119   30   53   59    7   63   54   13   59   63  116  107    7    7    7   11  127  127  110   14   30    6   30   63   86   39    7   31    7    6  127  119    3   14   60   62   19   55   54   12   55   54   39   22    6   54   55   47    7    6 
 144  156  188  176  144  177  176  166   62  189  130  102  103   30   31  133  128   19    3   35  160  130  131  135   30  156  146   38   54   55  167  182  103  231  193  250   58    2  135  141   20   60   48   52  183  150  146  150   23   43   58  134  134  132   55   62   51   26   50  150  135    6   22   22   54    6  130  174   14    6   38   39   15   39    6   31    3   57  182  150  151  151  150   31  135  134  130  163  163  162  184   55    7    7    6  190   51    7  151   23    7   47   54  119   15  167  163   39    2   30  163  181   30  143   15   15   38   54   63   63    6   31   19  134   23    7   55   39   38   59   62   30  108   48  176  183   51    6    6   62   59   18   56   22   30   14   54   62   38  103   55   39   55    7  111  103   55   55    3   23   18  118   63   39   51   35   52   19   31   62  111   95   24   26   30   54   55    7   55   39    6   22    7   23   79   51   52   55   51   63   22  123  119  127   52  119   51   55   39   54    7   99   55   30   30   92  108   14   15    7   30   59   31    7   23   31    7    6   95  103   23   29   46   14   14   23   30    3   31   28   62    6   55  127   30   14    6    7 
  18   30  157  160  164  235   38   39   63  125   18  126  127   63   31  163  161  191   30   31  140  156   30   15   22  182    6  166   55    3  243   23  118  101   93   88   70  146  150  180   52  151   54   54  190  154  146  183   55   47   46  164  172  140   63   22   60   48   18   27  131  162  178  176   23    6  135  130   30   58   63   55   55  183   55   67   67  189  178   18  150  190  188   24   14   54   51   39    6  182  181   51    6    6   30   60   63    7   54   38    6   47   46   47   53  149  162   54   58   62  186   49   56   28   28   12    6   23   30   31   99   99  195  129   27    7   22    6   39   63   12  111   60   60   48   55   79   15    4    6   39   58   48   56   28   12    6    7   30   30   35   39    7  119  115   31   39   62   30   55   15    7   31   31   38   37   39   53  123   63  101  125   62   48   16  112   50   14   31    7   38   38   15    5    7   35   30   23   51   55   55  115  115  127   50   55   22    4   22    6   39   54   54   16   48  120   92   31    7    6    6    7    7   29   16   31    6    6   14   38   30   60  125   79   28   22   30    7   67   50  115   54   31   55   31   46    4   39 
 150    6  158  166  164  119  103   30   23  188   48   51  127   22    6    7  175   56   24   62   26   62    4    4    6   38    2   46   51    3   31   15    7  132   31  124  115   51   52  183   99   21   22  150  191   30   14   39   39   50   55   55   60   28   14   22   22   55   62   15  151   32   52   28   30  135   19  144  158  190  177  183   55   51   54  103    2  134  134   54   55   56   60   28   62   22    7    7   62   54   54   22   63   54   26   58  190  151   54   63   22   63   62   60   53  151  178   23  121   63   58   48   48   24   30    6    6    7   15   13   39  127   71  151  150   19   22   23   53    6    7   95   30   28  116  118   31   35   19   31   39   60   48   56   28   12    7    7   31   31   22   50   30    6   22   22   38   42   62   49   47    7   31   31    7   39   61   30   50    3   55   48   48   52   87   24   54   15   11   71  119   46  109   60   55   39   30   22   23  127  116  246  247  243   51   31   55  119   62   54   54   52   48   54   27  113  177  157    7  103  103   91   47   63   30   47   54   62    6    7   23   54   55    6   55   23   31    7    7   63   54   55   55   55   31   54    4    6 
 180   22    2   30   58  119  101  244  180  132  161   97  103   39   37   15   59  121   63   30   28   62    6   62    6    7   22   52   22   30   30    7  182  134   31   18  115  143  166  162    3    7    6  158   49   22    6   47   63   54   50   62   62   30   38   38    2   63   28   30  146   38   54   14   15  131  146  150  134  166   21  151    7   37   38    7   50  162  176   50   48   48   52   28   62   23   55   55   63   38    6   30   31   55   38  119  116   22   22   55   55  115  184  178   96   51   54  147    7  127   50   48   52   30   30   31   39    3    3    7   39   36    6   22   30   56   62   26   22  102  114   63  151  156  159   38    3  123   51  119  116   48  112  112  150  183   35    7    3   65   86   62   63   54   52   55  119  118   38   55   55   71    7   15   51   51   63   63   51   54   48  112   96   48   99  243  148  135    3   35   50   52  117   50   51   55   54   54   55   62   62  188  172   12  127  115   99  119   62   22   50   48   48   38   67   97  161  177    3   35    3  127   62   48   55  142   46   30   30    7   23   31   94  126   55   19   23   71   78   47   54    6   23   55  118    6   14   30 
 241  246  134  158  158  151  126  105  190  234  247   25  135  166   53   30   59   49   49   56   30    7   39   55    7    7    7   51   55   30   28    4    7  159  119   83   29   30  150  131   87    7    6    4   53  119   70   62  124  112  107   48   22    7   99   34   34    7   87   55  171  190   28    6  150  146  150  182  150  182    7   27   23   53   54   54  155  160  180   48   49  113   48   22    7    3   62   62   51   51   19   62   23   30   18   19   51   54   38  102  103   65  135  183   23   18   54  102   54   48   48   32   32  127   11    3    3    3    3    3    1   22   30   55   14   46   50   30   31  103    3   63  159  171   26    2  119   50   48   48  112   96   96   51  147  134   31   71    3    1   50   55   55   22   23   15   55  119   55   54    6   46  158   31   34  123   58   63   48  112   48  113   96   32   39  243  183  231   97   32   50  103   30   54  115   51   54   62   48   51   15  125   95   15   63  119  118   34   52   20   48  112  112   96  119   71   39   37   55   33   97   55   52   62   63   22   30   14    6    4   63   61  127  123   55    7   54   63   14   47   62   63   50   54   62   62   60   14 
 118  246  134  160   52  184   48   59   61  119   23   27    7  166  178   26   56   48  115  113   55    3   67   38   19   99    3    3  199   31   28   46   38    2    6   30   31   30   30   38   39    7   21   22   55   87   70   54   48  113   99   35   55   35   99  102   35    3   71   49   33   53   62   31   30   30   22   20    6   62    6   28  158  182   54  176  176  188  176   48  113  113  113   55   99   99   61   63    3    7  167   39    3   30   66   50  115   55    6   30   47   71    7   22   22    2   50  113  113   32  113   97   99  117  117   99   99   65    1   67    1   31  125   55    7   51   22   94   95   23   51   28   31  115  114   58   50   48   48   48  113   65  103   35  131  134   54   97   65   99  103  119   55   54   18   31   38   52   49   18   30   30   23   23   35   59   31   56  112   48   54   35   99   39    7    7   23   52   48   63    3   19   30   55    7   15  175  191  162   99  119   54   52    4    7    7   54  112   48   48  182  247   97  115   18    2   14   28   62   59   99  103   62   62   63   22   22    6   22   30   31   39   39   59   31   31   54   62   62   62   30   26   51   47   14   28   62    6 
 140  166  166  165  113  120  124   63   62   52    7    7   29   55   55   63   48   51   67    3  127  113   97  126  114   98   33    1  241   54   62   15  126   54  119   14   63   63   31   22    6    7   23  150  150  181   56   48   48   51    3    7   22   48   96  103   99   97    3   55   38  247  179   63   55   54   54   30    6  190  191   61   23   23   55   61   60   60   48   49   97    3    3  127   48  113   97  119    1    3  159  191   99   55   55  183   99   39   15   30  110    6    4  150   52   18   54  117   48  122   33    1   99  127   60   56   48   97   97    3    3   21  127   39   39   55   23   23   19   26  125   62    6   38  125   56   52   48   48   51  115    1  103    7  134  188  121  102  102   67   35   18    2   50   22    7   39   62   30   54   23   11   15   39   63   55   63   56   48  113   67    3    3   67  107   15   22   22   16   31    7   87   30   22   39    7  119   38   23   14   54   54   22   23   63   62  114  112  112   51  143  147    3   19   19   31   62   60   48   51    3   35   38    6   55   54    6    7   63   30   22   22   23   51   62   38  118   30   60   60   22    7   62   62   14   13    3   62 
 152  160   48   50   23   23   22   63    7    7  180   30   28   60   48   16   56  115    7    7   30   56  112  118  114  113   49    1   19   48  182    7    3   51   54    4   60  150   30   22   54   54   22   22   17   49   48   80  126    3    6    6   30   60   96  118   55   35    1    7   38  247  247   35  151   54   61    4    6  159  131   22   54   15   39   45  112   48   48  176   67    3    6   30   56   56   32  119   33   35   59  107  231   54   55   23   38  191   86    2  102   47   62   30   60   48   48   48   48   55   67    1  101   70   30   56   56  116   97    1    7   19   58    7   39  191  158   15   55    6  126  118   87   52  125  123   56   48   56   57  113    1  115  103    4   60  120  102  103    1    3   53    7   39  103   71   33   62   38   38   50   51  103   55   56   31   55   49  121   39    3   67    3   99  127   29    7   63   60   15    3   39   54   95   55    7    7   52   23  119  126   62   55   48   15   23   55   48  116   31   39   39    7   19   55  127   48   48   48   49    3    3   39   54   39   58   51   55   26   50   54   22   23  127    6   54   34   30   59   55    6   62   30  127   62   55   63   63 
 145  128  147  179  183   54  127   22    7   47   48   30  190  126   48   16   28   31    7    6   12   28   16   30   54  115  113    1  129  134  166    7   31   63   62   86  239  135   22   54   54  125  119   23   51   48  118  127   49    3    7   15   12   30  119  115   35   35    1    7   39  127  127   62  190   20  147   22   55    3   51   62   56   63  103   49   48   48  114  182  115    3    6   14    8  110   35   99   97    1  127   87   23   54   62    7  247  249  119    7   18   22   60   60  111  123   49   48  114  115   67    1   99   71   28   48   48  126  117    1    3   19   67  119   20   55    7    7   63   22  103  127   50   52  117  113  113   59  184  184  243   35    1   15   30   16   56   48   59   67    3   23    3   31  127  115   59   62   38   30   54   39  121   17   16  119  115   97  113  163  135   35    3    7   23  124  123   63   28   29    1   17   24   30   55   39    7   54   51  127  116   62   54  126   14   23   99   97  183  237   99    3   23   51   52   20   60   24   60   56   35   67   71    6   54   62   54   50   50  126   62   54   55   15   23  119  111   46   97   62    6   38    6   15    6   63   60   63 
   3  134  134  135   21   23  191   28   60   60   32   31   51   97  112  113   55   63   35    7   15   54   50   54   51   48   49    1   33   55   54  186   31   60   62  118   71  179   53   60  124  124  119   99  113   48  246  188  177  115   71   87   24   50  115  115   32   97    1   67  197  173   63   24   60   48   28   14   62   63  127   62   62   52  119   97   48   48  119   54  115   67   71   27   56   56   99  115  103    1  127   21   20   39    2   55  118   33   55   54   18   54   62  191  118   32   33   97   51  114   65   97  115   63   60   60   56  115  119    1   67   71   87  119   71    7  119  119   23   54  119  126   18   23   55   97   97   55  150  162   18   35    1   85   54   60   28   24   95   67    3    3    2   27  187  131    6   30  174   62   63  127   48   48   16   48  114   38  117  193  130   38    3   23   16   16   86  120   50   53    1   35   62   30   63   62   30   54   62   61   55   62   30   12   54   49  113    3  131  227   99   61   27  113  119   39   31  125  124  111  103   67    7   31    6   22   39   54   50   59   63   55   23    6   22   60   62   62   15   63    7   14    6   62   54   52   54   55 
 167  135  134    7   23   54   47   61   60  114   23   87   99   32  112   96  163   99   99    7   28   24   26   18   48   52   71    3   33   38    6  134    2   53   55   55    7   63   24  124  126   51   83   81   97   97  163  131  161   51   87    6   28   18   63   49   48  110    3    1  199    4   52   22   50   52   20   22   58   56  127   71   55   55  113   97  115  115   23   14  107  103    6   30   48  127  103  113    7    1    3    3   51   58  123   63   22   48   50   60   28   55  182  177   67   99   35  115   55  178   97   97  113   60   62   28   94   80   71   67   67    6   31   63   83   19   30   54   17   60   54   54   62  126   48   99   99   63   54   34  118   97   65   87   87   12  127  123   67   99    1    3    2   71  227  243   23   31   47  124  118   97   97  113   48  112  123   51   30  179  115   30   55   22   28   82   50  112   51   54    7    1   51   26   61   63   62   20   52   37    7   59   30   20   60   50  115    3    3  135   15   31   89   65  113   63   12  124  126  111  111   55    3   55   39   46   98   54   63   27   63  117   39   55   55   54   54   30   95    6    6    4   55  102  150  186   62   31 
  70  150  135   39   38   54   53   61  127    6   63   51   99   33  115   99  226   35  103    7   63   28   30   23   49  118   38   67    1  103   54  134   51  181  167    6   38   60  184  174   38   22   19   51   67   71  189    7   39  119   23    3   47   54  167   33   49   63   71    1    7   28   60  166  190  191   52   55   52   54   94   85    7  127   21   65   67   55   30   28  119  127    6   94   60   31  127   99   39   67    1    3   26   62   63   47   55   60   55   47   54   47   62   52   82   83    3    7   54   55  115   97  113   54   62   28   78   65   67   67    3   39   47   63   63   54   34  119  121   28   30   22   54   50   51  103    2   15  126   56   54   97   65  119    6   30  125  101   65   97   65    3  123   15   34   35  115   55   34   62    6   67    3   99   99  114   48   16   14    3  119   56   60   55  103   99   39   59   57   31    7    1   91   63   30   63   51   53   54    6   38  162  159   39   38   53   54    6    7    7   59   24   91   67   48  123   31   30   30  111  115   54   19   71   23   27   62   31   45   17   30    7   55    7   30    6   22   30   62   34   62   30   30    6   11   59   60   28 
  38  150   39   33  160  182   50   30   12   60   63  179  243    3    3  103  110   58   19   23   79   28   12   15    5  115   54  101    1   99   50  163  243   49   50   34   39    6  134  180   39   31   56   55    7    3   23  103  111  120   49    7   15   28   30   79   97   54   63    1    3   54   22  134  224  112   22    6   30    4   28   28  135   31    7    3    3   23   30   28  115   33    7   14   12   14   79  115   49   35    1    3   94   30   31   94   80   56   28   28   44   12   20   16  150   67    3    7   54  127  127   97  113   53   12   12   78   65   99  115    3   35    3   35   51   62  116   63   59   63   63   30   62   50   19   31    3   15   31   23   48   97   64   85   12   12   14  101   65   81    1    3   63   44   50  107  127  117   49   54  103   35    3    3    3   58   48   50   23   50   50   50   63   55    3  103   55   39   51   59   63    3    3  103   62   58   46   55   63   63  102  178  131   19   23   54   38  102  103   67   83  184   35   59  113   83  111  107   31   99  115   50  115   65   55   51   55   23   15   31   38   47   14   55   63   54   54   54   58   60   63    6    6    6   31   28   55   55 
  32   18   34   39   55  114   18   54  190   28  247  150   55   51    7    6   63  115  113   30   12   12   44  110   97   83   21   39    3    3   35   50   55   53   50   51   11   95  150   63   54   50   52   52   54    2    2    7  123  121   17   22   12   12  110  102  113   52   95    3    1  103   39  181  244  112   21   59   63   22  156  152  129   15  126   51   34    2   47  124  113   65   69   12   28   47  103   33  243  227    1   65   95   62   56   92   93   49   55   30   14  140  135  182  188   63   63   31    3  123  127   97   65  189  140  207  111   65   97   67   67    1  103  182   48   62  118  123   51   55   63   62   63   63   30    7   31  127   79  119   55   97   65   71  157  156  239   97   65   83   65   67  119   45   60  124  112   48   16   48   48   38    7    2   14   30   49   56   16   48   49   23   59  114    3   39   51  119   49   49  127   99   97   55   48   60   62   22   22   38  102   62    6   51   62   54   55   51   99   65   83  183  227   65   65   65   99   99   34   67  111   47   99   97    3   19    7    7    7  103  103    6   14   54  127   71   54   62   44   63    7   30   54   50   55   52   23  111 
  62   58   54   39  135  244   54  183   55   52  244  134    7  199  231   87   71   99   81  127   28   14  103   97   97  127    7   71   67    1    3   51   60   28   22    2   99   87  150   39   48   22  245  113   48   51   71   67   99   97   81  221  140  223  103   97   81  145  150   99    1   51   60   48  177  247    7   59   63   22  150  132  128  144  146   47  123  119   67   33   65   65   97  166  230   65   65   97   97   65   65   65   49   24   63   55   54   39    7    6    6  215  119   62   52   20   50   97   65  115  115   97   65  177  128  227   97   65   67   51   67   97   97  126  126  246  213   71    7   62   56   22  163   15   30   63   31  117   65   97   55   97   65   65  209  144  225   65    1   67   65   65  112  120   14   39  112  112  112   48   56   52   31    6    2    3   54   16   16   48   51    7    7   55   39    3   55   51   54   39   55   99   99   63   63   39   55   20   22  116   34   63   31    7    5  102   14   46  125  113   89   48  241   65   65   65  111   47   62  119  111   47   67   51    7    3   15   31   30  119   51    6   14  118   14   14    7   55   54   55   39   34  119   50   55   31    7  111 
 169   56   63   51  128  119   52  149   61   54  165   39   63  151  211   99   97   99   65   99  148  138   97   65   65   63  183  103  103   97   51   54   55   36  246   67   95   30    7  167   38  182  144  247  119   55   65   65   97   65   65  161  128  209   67   65   65  161  128   97   65  123   26   51  177  163   67  135   23   18  158   28  142  178   54   62  127  113   65   65   65   65   99  146  162   65   65   97  247  115   97   97  104  114   51   22   63   51   23   30   30   22    7  127    5   23   27  113   97  115  115   97   65  241  128  193   65   65  123  115   65   97   96   55   91  118   22    7   63   14   31   14  190    7   30   63  220  125   97   99   55   65   65   65  211  176   97   65   65   99   99   67  115   62   54    3   99   99   99   55   19   16   55    7    3   51   48   48   48   60    7    7    2   22  103    7    7  119  118   35   55   54    3   99    7   30   35   54   55  150   47   55   54    7   23   63   62   56   56   56   55   51  245   65   67   77   45   12   28   60   55   63    3    3    3   19  150   30   62  126   23   15   38   38   55    6   55   18  119   63  118  160   63    6   62    7    7    7 
 166   58   32   18   30   63   52   52   20   62   41   63   48   54  119   99   97  115   65   97  160  128   65   64   65   99   51   43  103   99  116   22    2  102  226   97  127   63    6    4   54   55  147  135  182   54  123  113   97   97   65  163  134  118  113   65   67  167  134  111   67   99  146   58   62   38   55  156   52  179   28   60   63   53   52   60   24   81   81  113   65   65  127   30  158  113   65   97  180   99   99   99  237  190   62   71   55   31   23   63   62   60   62   63   47  114   60   56  112  127  219   97   65  207  140  252  125   65   99   99   67    3  103   23   58   50   54   38   62   35   55   50   22   19   62  118  126   62   48  114   87   97   65  111   14  172  125  113    1  115  115   67    3   19   39   35    2    2    6   30   24   16   29   23   15   59   50   54   52  112   55   51   50    6   99   71    2    7   99   51   39   55    7    3    7   62   62   62  118   55   30   30   18   59   54   55  115  113   57   56   55   55   29   51   55   28   28   28   28   60  119   99   35   71    3   51   54    6   14   63    7   15   54   58   55   54   54   54    7   62   62   52  125   54    6   14   14   12 
 151   38   62   54   14   38   48  188   24   24   56   26  190   56   62   56  113   99   67  111  141  140  115   97   97   97   53   24   15    3  163   23   23    6    6   39   23   30   62   30   30   18   17   33  116   60   48  112  113   99   79   14   12   28   93   89  103    6   30   91    3    3  243  127  127    6   31   23   52  124   28   24  123  119  103  113   56   24  240  181   79   95   13   12   12  125   61  103   60  119  103    3    7   62   62   54    6    7   22   29   60   56   62   62   59   97   56   28   54   63  253   97   71   14   12   28   61   97   99    3   19    3    3    3   55   50  119   99   99  103   62   48  114    3  114   97  124   62   62   60  179   97   65  107   12   28   28  121  113  123   83   65    3    6   51  103   71    7    2   22   29   24   28    7   30    7    2    6   55   48   55   51   48    6    2   55    7    3   55   59    7   55    2    2    3   39   46   14   62  127   63   60   23    7   22   23  115   65  253  186  227   35   51   35   29   62   52   48   24  126   63  127   62   30    7    3   23   62   54   55    7   31    6   14   22   62   60   62   63   30   30    6    4    6   14   31   55   63 
 181   55   31   39   55   39   36   60   28   30   59   22  125  113   63   30   62   67   62   28   12   12   28   28   55  103  150   50    3    3    3    7    6    6    3   38   58   56   28   24   58   51  147   35  113  121   88   48  115   35   59   28   12    4   12   12   71   70   54   51    3    7  243  113   55   19   31  151   54   30   50   50    2   51   83  113  121   57  243  166   35   95   29   12   28   28   14  103  124  115   67    7    7   63   62   54  119    6   16   24   63  247  150   30   51   97   97   51  127   34  119   97    7   62   60   60   56   97   97   55   55    3    3    3   35  115   51   99   99  116   32   51   23    3  227   97   65   99   35   38   63   67    1   51   62   56   16   60  119  225   67   23   39    3   39   53   53  110    6    2    7  151  150  230  115  114  114    2  126   56   16   48   63   55  115  119   55   97   99  187   38   23   22   35    3    5  166   30   22   63   31   14   63  103    6    6  119   65  113  158   51    3   55   97  125   28   60   56   51   96  115    7   31   30   39    3   87   54   62   28   63   15   55   63   31  255  191   54    4   63   47   46   39   71    6   22   22  119 
  32   52    4   39   98   71   60   28  156   23  187   54  103   65   71   62  177  127   23   25   30   60   28   28   54   99  183   19   19   33    1    3   22   22   50   50   48   56   26  182  103    7  147  233   65   97  112   48  230  231   25   59   60   60   28   28  115  199   22  119    3    3    7  147   63   31  119  239   55   50   54   54   22   30   87   65   97  113  164   53   81    1   31   54   48   56   31  115  119  113   99   55    7   71  127  115    2  127  113   27   92  245  135   30   59   97   97   71   15    3  247   99  119   55   55   48   29  101   99   51   55   35    3    3    3   39  167  183  103  122   62   55   19   14   67   65   65  113  163  118   38   97  115   55   54   48  113  113   99   99  111   79  119    3   99   54   31   71    6    2    2  103  134  227  115  115  115  115   48   56   16  176  163    7   35   39    3    3   35   51   50   50   50  179    3    3   35    6    6    6   14   22   52   22    6   54  101   65  115   61   52  119  119   81  113  117   28   63  115  115  115   11   11    7    7    3   67   22   14   28   62    6   55   63  127   22   29   30   62   39   39   59  115   99  103    6  127  126 
  28   62   28  117  103  112   52   52   55   20   14  188   97   65   97  115  153   55   97   65   22   60   57   31   97   97   55   49   19    7    3   35   55   55   51   18   35   54   55  131  231   55   16  119   65   97  255  174  160  193   83   87   54   48   59   63  113  163   19  119   63   25    1  131  127   62   38   54   34   34    7    7    6    6  103   65   65  182    6   54  113   81   21   52   48   51    3   97  179    3   35   35    3    1   51   54   38   22   30   26   58   34  102   55  123   65   97  119  245  147   19   91  113   55   62   52   49   97  115  115  119    3    3    3   65  119  182  182   63   62   56   52   20   30  111   65   65  225  161   40  120  119   51   53   52   62  103   97   97  114   23   63   23   19    3    3   31   23   55   39   67   71   55   55   63  121  119   99   35   50   50  178  130    3    3    2    2   99    3    7   19  119   51  179   19    3   35   39   22    6   22   22   62   31    6   55   99   79   15   30   31  127  113  113   97  121   24  119   31  122  119   15   31    6    7    7    3   23    6    6   31   30   22   31   71   38   55   23   55   55   22    7  118   43  111   29   63   12 
  20   12  156  177   54   54   52   52   55   62   14   54  113   65   97  243  176  126  103   83   22   54   53  101  103  103   39   49   63   63   35    3    3   63   62   59   63   62   31   29  188  178   16   35   97   65   35    3   67  229   51   55   60   60   87  115  115  163   51  182  252  115    1  163  111   14   62   46    6   54   51   54   54   46  109   65   97  167   52   62  127   57   63   62   30   51   99   67  182  135   35  113  115    1   55   54   39   55    6   19   27   50   87   14   94   65   97  118  252   48   16  123   67  115   56    7   35   97  115    3    3  119   67    1    1    3   35   51   61   28   60    4   22    4   44   97   65  157  159   60   16   48   99   55   48   23  103   35   99    6   22   95   59   59    3  119   55   55   63    6    7    2   54   54   30   56   48  102    3    2    2  163  176  241   19  119  119  111    2    3   23   51   50    3    3    3    3   35   63    6  119   22   30  111    3    7   99   79   12    6   15   95  113   32   35   63   26   50   31  122  115  103  102    7   63   55   67  103    7   71  127  127    6   63   70   71   22   22   52   33    3   55   38   31   31   28   14   14 
  52   23  149  151   35  161   18   59  176   30   14  134  193   65   99  158   60  112  123   50   55   31   28   47   54   30   38   23   63  119   97    1  199   52   38   61   63   62   56   30   31  183   54   32   97  115   91   27   99  116  112   54   54   60   55   50    2   38   55  165  231   99    1   97  127   62  125  123   38  118  112   54   54    6  109   67  127   29   54   51   57  121   28   24   19   23  123   19   22   30   39    3    7    1   33  163  241  119  119    3    3   51  115   87  117   83   79   30   63  115   50   32   35  111  127   31   99   35   35    3    7   71   71    3    3   23   59  115  114    7   22   23   63   63   63   99   15   12   79   87   50  112   48  127  127   31    3   50    3   55   54   63   51   99    3    3   31  111  123  134    3   35   35   99   56  184  174   38   99   98    2   19   16   16   48  114  102   14    7    3  119   51   51   19  103    3    3   55   23   54  103   55   22  103   39    3   54   28   15   99   99   48   49   48   32   99   55    3    3   99  103   49  115   53   55   63    1   71    7   39  115    7   22   23   23    6   30   54   38    3  103  161  162  183   19   20   60   14 
  54   54    2  150  166  164   55    1  115   23   22  146  193   71   79   14   30  127   52   52   54   30  127  111  115   63   39   54   54   55   51    1   39    7  135  165   49   50  115  107    6   54  118  118   39   14   12   11   99  116  112   62   30   29   30    7  103    7   39   52   55    3   65    1   31   63  112   97   96  114  119   38   54   54  103    7   15   12    3   31   48   56   93   28   15  103   43   19   51   28   26   55   55   97   97  177  177  179   50  150   99  255  243   19  115  103   31   28   95   67  115   96   34   46   62   31  103   99    5   54   55    7  119   19    3   59   63  115  252   28   22   23   55   38   35  159   30   28  111   67   35   96  112  127  229  191   67   67    3  103   55   51   19   51   39   67  114   32   34  150  115  113   32  113  120   24   23  127  113   99    3   23   48   48   56   52  181  199   87   19   99  115   51    6    7  115   33   55   55   54   55   51   22    3    6    6  231   54    7   97   97  125  127  124   55   99    7  119   99   35   55  127  103    3    7   49   65   69    6    6    7   31   30   54   63   63   38   54   54   47    7  164  182   23    7   63   62   30 
  18   62   62  172  156  150   50   99  247   19   18  148  165   46   14   28  111   67  113   89   52   22  103    6    3   99   51   49  119    7    7    1    1   55  149  180   53   23    3   95    6  182  225   71   15   14   28   79   65   51   19   56  124   31   39   54   62   35  125   58  170  179   97   97   99   55   41  121  127   54  119   36   55   55   38   62   60   62   99  107   51   33   49  185  167   67   33    3   34   56  123  131   55   97   99   54   62   22   18   31   55  166  159   23    3   19   62   62   83   65   97   96   33   99  182  115    3    3    1   55   59   19   53   55   33   51   48   62   28   28    6   54   48   62   63  159   30   30  123   97   99   97  115  177  160  129   67  113   97   99  115    3   55   55   97   65   55   39   47   27  120   48   51   55   51   53  119   16   49  115   38   22   50   50   99  247  133  240  112   51    3   35   62   22   95  127   97   51   35   63   61   51   22    6  119   95    7   55   61  120  113   83   47  127    7   67   71   30  123   49  112  126   54    3  118   53  113  119  118   22   22   62    6  115  126   30    6    6    6   22    6   12   14   15   12   54   62   54 
  28   28  188  188  188   55    6   55  250   30  151  156  188   56   31  125   97   99   99  241  144  215   99  122   27   51   99  113   55   38  163   65   65   55   53   52    4    6    7    7    6   22   21  135   61  125   27  113   97  115   99  225  208  183   99   51   51   35   44    3  129  128   33    1   99   48   46   24   22    6   46   12   14   15  166   54   60   60  121   97    3    1   35  160  177  113   51    3  115  120   96  243   55    7   99   39    6   22   22  127  111    4    6   22   87   53   48   53  121  113   97   97   33  167  128  209   57  113   97  117   60   56  115  113   97  113  115  182  244  125  119   62   58   60   30   30   55   57  113  113   99   97  115   99   50  182  190  115   96  113  127  123   33   49  125   97   55   15   15   59  113   48   51   23   47   52   52   48   48   48   52  127   31    3    3    6  158   56  112   97    1    3    6   18   95  121   97  119   35   62   47   63    6    6  119   28    6   54   48   60  124  115    3    7   63   55    6   28   28   16   54   62   54  119   54  113  115  115  118   38   23   62   26   23    7    7    3    7   22   22   22   60   46   79    7   31   30   18 
  23  156   20   22   22    6  103    7  125   31  151   14   26   56   60  113  121  115    3  135  150  147  112  112  115   35   99   97   54   38  121   96  113  147  181   22   22   31   63    6   39   39    6   54   50   53   54  112  112  103   67  199  148   63   97   35   35   99   97   53  183  162   97   97  103   53   62  127  118  103  111   14   31    7   54   48   28   16   56  111    3    2   15  158  188  112   58  107  113  112  112  119   52  101   97  227   21   53   54   63   39   47  103   30   12  127   52   48   56  123  119    3    7    7  148  180   52   48   96  116  125   55  119  125   97  113   99  223  142   55   55   22   54   52   31   23   54   48   56   60   54    3   59   38   30   62   48   48   32   98  103  112   61   48  112  113   51   47   30  119   99   50  186  254   30   22  103   97  112   48   60   95   79   71   77    6   62   24  121  113   99    7    6   30   24   48   34   63   30   54   54   23   22   22   22   63  122  112  112   53   31  127    3    7  118  118    6   28   28   16   54  103  115   99   51   25  123   30   52   62  119   55    7   86   38  102   70    2   27   22   30   62   55   39    7   15   24   31 
 142  159   19   50   51   63  110   97   63   39  103   62   30   60   16   16   24   51   23    7    6   28   48   52   97   48  112   96  118  178   48   96  116  180  188  180   54   63   59   34   66  119   55  127  121   48   48   16  118    2    7   15   14   60   48   62   54  115  113   52   62   50   48   96  119  151   55   30   62   35   50  182   54   38  119  113   48   48   54   22    7    7    6   28   16   48   53  112  113  115  115   61   61  112   96  115   23   39   39   22   22  190  188   62   46  116  112   48   50   26    7    3    7    6   20   16   48   48   48   50  211   55   48   48   48  101    7   87   38   55   51   50   54   50   23   19   48   48   59   13   39   99    1    7   30   30   16   48   48   99  103   51  115   49   48   48   49  175   30   62   15    2   55  127   59  123  119   99  115   55   62  126  119  127   30    6   54   48   56  114   99   71    6   30   28   22  119   15   63   63  127  118   20   61   20   62  126   48  240  149  119  127    3    3    7   20   57   56   27   22   54  119  119  103    3   47   62   60   60   28   51   63   15    6   38  127   71   55   54   54   62   30   20   62   54   22   58   46 
  62   26   79   58   24   60  111  113   63   62   16   58  120  112   48   16  176   35    7    6   14   30   58   52   48   48   48  240  243  112   48  112  119   33   52   54  182  123  115  113  103    6   50   51   49   48   48   51  160   62    6    7   12    8   62   50   48  112  254   62  125  112   48   48   23   19   19   30   24   48   48   48   54  110  123  113   48  120   59  134  246    7    7   61   56   57   56   49   49   97   67   49   57   56  114  114   54   54   63   26   63   59   60  190   99  112  112  113   27   22   54  127    3    7   22   16   48   52  116   55   63   55   49   49   50   53  183   35  182   52   54   48   54   54   31   49   49  119   54    3   58  115    1   15   30   16   16   48   48   57   94    7    3   51   63   54   54   31   31   60   62   15    2   10   63   48   58   35    3    7   30   28   50  175  139  118   60   28   48   54    3    3    7   23   22   22   54   54  101   23   62   60   30   19   63   85  115   51  224  150  118  194   19    7   23   16   16   52   30   15    7   63   55   63    7    3   31   30   54   59    3    2   22    4   12   63   51   54   54   54   62   30   20   31   23   14  126   38 
  63   95   78   62   24   58  127  112   56  158   22  181  112  112  112   55  118   48   55    7    3   23   30   48   48   48   52   52  117  113  113   62   55   19   48   22   23   58   48   16   20   62   50  115  113   48   50  113  113  120  119    7   63   30   30   28   48   60   30  159    3   17   25   30   30   31    7  123   56   58   48  119   54  182  119   49   49   57  187    6  119   99    3   19   18   16   52   62   28   22    7    3   25   90   30  158  183   49   56   24   56  116  116  144   99  113   49   39   23   20   62  223    3   23   16   16   52   54    4   22   14   71    1   49   30   62   54  103   48   60   62  180   30   58   63   51   19  103  182  135  135  103   39   23   16   16   48   51   19   27   30    4   55    3    7   55    6    4   54   20   56   54    6    2   18   48   49   54    2    2    6  247   46   22  125   48  116   95   86   23    3    1   67    3    6   15   59   63   53   30   30   62   91   19   15  127   51    3  231  158  158  144  114   55   22   28   56  126   14   71    7  127   62    6    7    7    6    7    6   15   15   15   55    4   60   62   22   54   39   55    7    6   23   23    4    6    7   21 
  54   22    6   63   59   58   56   48  120   28  148  133   97   64  115   55   39   55   20   62    7   87   16   16   23   31   28    4   22   55    1   15   28   62   50  151   30   28   56   60   28   14   30  114   97   97  117  103  127   53   87   19   23   16   16   56  156   12   12   14    7    1    7   30   30    3   31   51   24   28   61   50    6   55   65    1   39    2  146  182  182   55    3   22   16   20   54  254   30  175  134   99    3  115  118   30    7   55   56   28   20   52  184  144   48   35   35   38  142  134   37  177   54   22   16  112   63   20   53   55    7    7   51    3   30   18   22    6   63   14   58  186   20   60  125  115    3  103  180  180   22   48   55    6   55   50   35   39  183   14   14   22   21    3    3  102  102   55   54    4   47   51   55   38   54   19    3  103   87   18    2   31   28   28   56   48  111   35    7    7   67    3   39   39    6   54   30   30   55   63   28   14   42    7   15   63   53    7    7   28   28   28   16   52   37   29  126   34    7    7    7    7    7    7   19   63    6    3   43   44   29   54   30   22  119   55   31   52    5   87   31   30   30   23    4  127  127   30 
  63  119  119   58   62   62   56   52   60  188  148  129   99   67   51  127  119   55   55   60   55   22   53   60  212  159   30   18   54   55    3   31   31   14    6    7    6   28   24   30   42   57   50  112   99   99  117   36   62   63   60   55    6   53   24  119  150  158   22   55  103    3    3   22   51    7   30   23   62   30   22   30   30   48  115    3    7   19  251  184   24   48   35   23  127   60  164  229  109  172  163    7    3    2    7   18  135   62   54   12   12   28   28   20   51  103    7   55  179  188   60   48   51    3   99   77   62   48   51  178  146   63   23    2    3    7  151    3   27  104   47    6   20   56   28   95    6    6   30   60   60   48  115   67    3    2   34   34   34   62   63   59   51   15    2    3  118  119  127   58   23   63   54   58  127   99    7   39   22   22   22   60   60   28   60   61   15   55   23   30    3    7    7    7   38   62   28  158   48  118   54   22   23    6    6   62   63   31    6   22   16   28   28  124   15    3   23   87  183   39   39   35   39   38   50   62  111   65  227   62   62   31   55  115  127   63   62   60   30   55   30   28   30   15   31   29   14   55 
  50  112  112  115  127   60  176  150  180  180   58   62   51    3    7   38   62   62   50   48   19    3   23  177  144  158   26   62   53  103    3    3    7  167  165   54  142  253  127   30   12   22   48  127    7    3   23   58   62   50   48   51    3    7  191  182  135   23   50  182   55   19    2    3   39    6   62   55   39   54   31   60   22   60   55    7    7   23   18   30   16   48   39    1   67   61   63   31   51   54  185   22   30    3   67  212  180   54    2  134  188    8   28  148  191  119   47    6   18   16   60   48   51    3   97  199  103   49   59  176   48   24   23   51    3   19  163   51   19   99   47  170  167    7   62   30    7    6   30   28   28   48   59    3    3   39   38   38   50   62  123   51   54   15    7    3  113   52   54  183   51   55   55   62   31    3   39    6    4   20   55    6   23   62   60  117  195  255   53   22   23    7    3    3  103   58   56  179   51   54    6   54   30   14   30   62   60   30    6   22   53   53   23  118  119    3    7  183  224   98   35   39    6    6   22   54   71   65  115   50   30   31   55   50   50   62   62   62   60   62   12   28   30   31   30   30   87   87 
  33   55   62  190  142   30  144  148  132  133   59   34    3    3    6    4    4   20   24   16   63    1    3  135  150  210  120   54   48   50   67    3   35  119  101   58  186  243  119   55   54   22   56   63   79    6   14   12   28   20   16   55    1    3  119   55   51   19   50   54   22  119   99    3  103   54   58  115   97   33   22   26  119   52   58   31   23   30   16   28   30   52   47    1    1  227  158   60   61   48   56   48   97   97   65  115   55   62   14  147  165   51  163  160  179   19   23   22   30   16   60   58  187    3    1    3   18  127  123   54   49   27   49   55   65   81   51   22    3   23   47   14   14   26   27   22   26   23   30   54   31   51   35    7    3    7   39   35   39   22   23   19    6   30   95    1   97   39   23  219   47   63   54   39   55   54   60   62   62   63   31  110    2   34   22   87   82   30  125   55   30  119    3    3   51   18   62   63  123    6   23   22   30    6   39   62   30   62   14   30   62   23   31   54   63   15    3  163  147   31   54   55    7    6    6   23   55   65  123   30  182  182   38   54   54   22   22   62   44   54   39   55   30   31   30   39  119   22 
  32   55  183  175    6   22   55   55   22   51   81   82   35   18   20   12    6   30  126   62  211   65    1    7  247  145  184   48   50  115  115   65   99   55   33   51   54   23   18   34   62   25  127  253   77  135  158   28   30   31  179  179    1    1   39   55  115  115   51   50   18  107   99   65   51   61   31   70  214  150  178   56   54  126   26   30   39   62  222  159   54  166   31    3    1    3  151   48   52   53  176   97  113  113    1   39  182  188  150  243  247   39   33   33   49   48   51  124  156  188   62   22  151  211    1    3  115   58   48   38   51  115  112   51   65   85  119   54   58   54    6  134  191  120   56   16   58  118   30   62   18   18    2  103    3    1    7   39   55   22    7   55  119   59   95   65   99   71   31   50   63   30   30   15   63   50  118  115   91  119   55   55    6    3    7   55   50   48   30   62   63   55   55    3   87   22   30   14   31   54   55   23   30   62   63    6    6   62   30   30   62   28   60   31   22   55    3   79   30   22   30   31   31   14   14   58  111   67  119   22   15    6   31   30  110   55   30   30   30   44   39  119  111   14   55   51    6   30 
 172  188   54   22   22   31   23   19  144  112  112   99  227  167  188   28  150  134    6    6  115  113    1   67  101   48   56   56   50   51  113   65   99   55   55  103   22   23   51  163   47   61   63  152  116  228  152  152  213  117  243   99    1    1   87  114  113  115  147  178   48   26  123   65  119   28   62   39    7    7  159  176   54   62   56   30   22   48  187  179   35   54   23    3    3   35   55   30  182  150  144  176   48  113   65   67   50   28  148   55   54  150  176  127   56   56   32  190   62   38   62   28   28  151   35    3  118   62   60   62   39  114   97  117   65   93   93   20  186   30   63   63   55  127   61   28   62  126   28   60   28   56   61   22    7    7   39   54   30   28   14   30   62   63   79   71  127  255  150   87    2   50   58   24   62   31   31   27   15   61   60   31   30   63   51   61   60   60   28   60   62   15   30    3   79   14   12   30   23    6   55   22   22   24   14   14   30   14   30   30   12   28   28   28   28   28   14   30   30   12   12   12   12   12   12   12   14   30   30    7   23   22   23   60   56   50   62   24   62   54   62  119   44   14   22   63    6    6 
 190   30   18  146  190   62   55  183  158  126  103   31   22  253  158   30  144  156    6   26   62   23    3    7  103   62   60   54   24   60   51   65   97   55   31   15   31   31  131  144  183   36   28   52   48  188  134  150  188   28   12   76  111    3    3   55   29   63   12   24   28   28   93   69  111  126  124   53    3   58  158  176  113  123   62   26   62   60   60   61   79   28   31   31    7   59   63   14   30   12   28   60   60   31   71   93   28   14  142  150  156   60   56   60   60   60   44   14   46   46   30   28   12   31   46   30   22   30   30   28   12   28   28   12   79   79   30   30  159   31   59  126  124   24   28   12   12   12   12   12   12   12   12   12   12   30   63    4   12   12   12   12   12   12   14   14   15   15   23  151  151  113  112  120   12   12   12   12   12   12   12   12   12   12    4   12   12   12   12   12   12   12   12    8   30   12   14   79   67   46  126   28  121  113  117   12    8    8   12   12   12   12   12   12   12    8    8   12    4   12   12   12   12    8   24   28   12   14   79   67    3   31   20   54   54   54   19   51   48  119  125  119   54   54   62   30   14   53 
  39  231   82  147  151   62  179   51   18   62   28   28   12  125   28   28   30   28   14   30   28   28   62   62   62   30   28   28   28   28   63   15    7   61   29   14  142  142  144  246  121   60   28   12   12   12   12   12   12   12   12   12   12   14   62   30   12   12   12   12   12   12   12   12   12   15   15    7   23   24   28   56  119  120   60   12   12   12   12   12   12   12   12   12   14   14    6   12   12   12   12   12    8   12   12   12   12   15   71   27   94  119   96   60   28   12   12   12   12   12   12   12   12   12   12   12    4   12   12   12   12    8    8   12   12   12   14   67    7    6   27  121   97   96   12   12   12   12    8   12   12   12   12   12   12   28   28   20   12   12   12   12   14   10   10   12   79   67    3  231  112  113   97  113   60   12   12   12   12   12   12   12   12   12   60   60   12   12   28   12   12   12   12   12   12   12   79   67   65  127   14   15   69   97  117   60   12   12   12   12   12   12   12   12   12   12   12   14   26   30   12   12   12  174   39    7  143   79   65   65  119   38  178  183    6   22   39   23   22   52   31  103    7   55   54   38   47   23 
   7   22  115   18   29   28  157   59   50  122  113   60   12   12   12   12   12   12   12   12   12   12   12   12    4   12   12   12   12   12   12   12   12   12   12   15   67   71   28   50   97  125   60    8   12   12   12   12   12   12   12    8    8   12   12    4   12   12   12    8    8   28   24   12   12   95   67   71   63   62  158  120  127  113  117   44   12   12   12   12   12   12   12   12   12   28   28   12   12   12   12   30   30   12   12   12   12  127   71   67   35   99   97   97   60   12   12   12   12   12   12   12   12   12   12   28   62   30   12   12   12   12   14   15   28   14   79   67  103    7   23  115   65   97  253  140  140  141  141  172   44   28   12   12   12   28   31   18   14   14  142   45   47    3   27   61   71   65   97  119   96   97   65   65  125  158  189   12   14   30   28   12   14   60   63   59   63   30   30   20   30   24   14   15    3   47   97    1   65  119   30    7   65   65   65  193  128  128  128  176   56   60   15   63   60   14   30   14   46   62   28   31   39  247   99    1  131   65    1   65   70    6   51   39   35   54   62   60   22   62   31    4    6   22   63   55   35   15 
  55   54  179   18   22   62   60   62   50  123   97  125   28   12   12   12   12   12   12   12   12   12   12   60   52   28   12   12   12   14   10   14   12   12   31   67   67  101  188   48   67   97  117   40   47   28   28   12   12   12   12   12   12   12   62   49   63   28   28   12   12    7   63  150  141   67   65   97  103   54  183  225   99   65   97  121  189  108   28   28   29   63   62   30   28   62  127   63   30   28   28   47   38   60   30  158  111   65   65   65   39   99   65   65  213  156  140  140  180   56   28   30   62   54   31   63   54   54   62   28   14    7    7    3   19  179   65   65   65   55   39   99   65   65  193  128  128  128  128  160  227   61   60   15   23   18   50   56   31   71  131   51   55  113    3  147   65   65  115  183  225   97   65   65  193  165   33  124  111   63   57   14   54   52   62   50   62   39   63   31   46   48   23   71    3    3   65   65   65  115   63   23   97   65   65  193  128  128  128  225  113   60   71  119   62   38   59   31  111  125   93   59  115  145  131    1    1   67   65   65    7   54   48   62   63   55   30   62   54   54   30   46   15   63   48   55   22   23 
  46   61   53   50   54   62   46   15    7   67   65   65  251  158  166  126   28   28   28   28   12   28   28   63   59   24   30   30   28   30   23    9  216   44  197   64   65  225  160  162   67   65   65  229  225  120   60   12   30   28   14   63   60   12   30   31   63   24   14   62   60   63   55  139  161    1    1   97  101   54  112  195   65   65   65  193  161  123  125   30   54   54   20  127  127   87   54   30   30   56   42   63   61    6   71  195  131   65   65   97   83   67   65   65  193  128  128  128  193   96   96  126   63   20   22   55   55  118  114   28    3   67   83    1   35  161   65   65   65   85   55   97   65   65  193  128  128  128  128  128  225   59  125  111   59   62   54   62   91   67  193   51   61   51    3  163   65   65   67  235  193   97   65   65  193  193   97   32   47  115  121  111   55   21   62   39   51    1    1   47   34   51  115   99   35    1   67   65   65   99   51  103   97   65   65  193  128  128  128  193  115   55  111  123  127  119  115    2   67   67   95  115  243  128  128  131    3   67   65   65   71  135  150   31   63   30   30   46  126   63    6   62   63   62   50  182   54   23 
  24   28    7    7  182   62   62  183   39  115   65   65  129  129  225   97   55   22   59   60   14   87  125   28   93   25   79  127  125    4  103    1  119  162  193   65   65  193  160   54   87   65   65  197  224  112  124   47  127   60  127  127  121  111  127  127   51  121   63   63   57  119  119  131  160   65   65   65  115   16   99   97   97   65   65  193  225   99   81   59  115   23   55  103  115  115  119   31  127  115   59   51   53  119  103  225  129   65   65   99  115   99   65   65  193  128  128  128  225   97  111   62  121   99   50   83   83  115   99   18  113   65   81    1    1  225   65   65   65  112   48  113   65   65  193  128  128  128  128  128  225  103  127   63   63   62   54    6   71   65   73   57  241  163    1  131   65   65   65  161  193   67   65   65  193  193   97   46   62   98  110   61   57   62   31   23   31   27  127  127  119   38   47   35   35    1   65   65   65   99   51  119  103   65   65  193  128  128  128  129    3    7  124  120   62   30   30   30   63   23   31   57  227  144  144  147    3   65   65   65   67  166  134   23    7   22   30   62   63   30   12   30   63   19   50   36   50   22 
  22   18   54  150  182   55   55  182   34  117   65   65  193  128  225   97   55   51   83  115  119   35   60  119   69  111  111  113  117   54  119   65  177  128  193   65   65  193  229  103  103   65   65  193  193   97  121  127   97   45  119   97   35   34  119  103  127  101   61   89   16  114  117    3  129   65   65   97  127   62   18   98   97   65   65  225  103   97   73  127  114   54   22  115   83  115   51   55  114  100   61   31   50  121  119  225  129   65   65   83   35   97   65   65  209  157  133  128  241   99   99   54   61   49  112   79   83   27   55   23  127   97  211   65    1  193   65   65   67  116   60   97   65   65  192  128  128  128  128  130  131  111   14   60   62   30   28   30  103  117  120   56  184  135    1  131   65   65   65   55  241  101   65   65  197  148   23   14   30   63   14   60   62   14   28   30   30   31   31   28   28   28   28   60  113    1   65   65   65   47   47    1   35   65   65  195  128  128  132  141   15   14   28   60   62   28   28   12   12   62   62   62  174  156   56  157  121   91    1   65   39  227  167    7   31   30    6    4    5   31   31   14   31   27   26   62   30   54 
 183  155   50  150  177   55   39  119   97   99   65   65  193  128  161   97   67   55   82  127   62   55   62  127  119   71   95  126   62   54  126   97  129  128  193   65   65   65   35   55   97   65   65  193  131  113   25   62   55   31   54  113   98  115   55   54  118  108   28   29   47   46   63   99  161   65   65   65  115   81  147   67   97   65   65  129  199  103   13   56   62   14   30   63   55  119   55  119   62   30   28   28   28   28   31  241  193   65   65   81   35  115   65   65   85  125  208  148   53   79   62   62   12   60  126   15   30   54   55   71   62  121  123  115    1  113   97   65   67   55   61   97   65   65  207  140  140  152  156  158   31   14   12   12   12   12   12   62   78   22   28   28  140  142   61   49  125   65   65  135  246  103   65   67   95  156   30   12   12   12   12   12   12   12   12   28   30   30   14   12   12   12   12   28   28   93  117   49   97   39   55   67   51   71   79   15   12   12   12   12   12   12   12    8   12   12   12   12   12   12   12   12   12   12    8   12   28   31   25  115  167   54   34   35   47   19   22    6   30   31   31   28   31  119   87    6   62   54 
  51   15   30   30  161    3   51   55    3   81   65   65  193  128  167    7   14   28   30   14   12   62   14   28   63   54    4   28   12   12   91   65  193  128  193   64   65  193  162  103   97   65   65  207  143   95   63   30   60   46   30   62   62   30   30   62   38   20   12   12   12   12   93  125  188   89   65   65   39   71  183    3   33   65  103  143  141   14   12   28   28   12   12   28   56   26  111  101   15   12   12   12   12   20   28  156  172  117   97   81   87   83   67   67   47   12   12   12   12   12   12   12   12   12   12   12   12   12   14   14   12   12   12   28   28   28   61   49   97   54    3   99   67   67   46   12   12   12   12   12   12   12    8    8   12   12   12    8   12   12   12   12   12   12   28   28   60   48  113  131  191  127    3    6   12   12   12   12   12   12   12   12   12   12   12   12   12    8    8    8   12   12   12   12   12   12   20   52   97   59   63   99   65   71   14   12   12   12   12   12   12   12   12    8    8   12   12   12   12   12   12   12   12   12   12   12   12   12   28  113  180  158   38   23   31   30   22    6   39   55   28   60  118   19    6   62   62   55 
  39    6   28   62  180  135    6   63   49  115   99  127   14   12   12   14   12   12   12   12   12   12   12   12   62   62   28   12   12   12   60   60  124   12  125   97   97  193  178  226   97   71   79   12   12   12   12    8   12   12   12   12   12   12   12   12   12   12   12   12   12   12   28   28   12  125  113   97   39  102  119   99   33   67    7   12    8    8   12   12    8   12   12   12   12   12   12   12   12   12   12   12   12    4   12   12   12   56  113  115  119   71    3   14   12   12   12   12   12   12   12   12   12   12    8   12   12   12    8   12   12   12   12   12   12   12   28   56   97   21  150  227    7    6   12   12   12   12   12   12   12   12   12   12   12   12   12   12   12   12   12   12   12   12   12   12   28  124   97  183   59  123    7    6   12   12   12   12   12   12   12   12   12   12   12   12   12   12   28   28   12   12   12   12   28   60   60   60  113   58   63  103   87   86   14   12   12   12   12   28   28   12   12   28   28   12   12   12   12   12   12   14   14   14   30   62   60   28   28  124  150   22    6   47   31   22    4   22   39   39   51   52  126   26    6   54   46    6 
  22   22   54   50   53   15   14  110   34  127   70   14   12   12   12   12    4    4    4   12   12   12   12   12   12   12    8   12   12   12   12    4   12   12   12   48   97  241  130  195   99   15   14   12   12   12   12   12   12   12   12   12   12   12   12   12   12   12   12   12   12   12   12   12   12   60  124   97   55   62   93   48   35    7   14   12   12   12   12   12   12   12   12   12   12   12   12   12   14   14   12   12   12    4   12   12   12   28  112   96  119  103   99   14   12   12   12   12   12   12   12   12   12   12   12   12   12   12   12   14   15   28   28   60   28   28   12   60  113    7    6   31    6    6   12   12   12   12   12   12   12   12   12   12   12   28   28   12   12   14   14   14   14   62  124   60   28   60   54   34   35  179    7   14   12   12   12   30   28   12   12   44   46   46   12   12   12   12    6   14    6   50   63   39  127   61   57   61   55   62   30   30  191   62   63   13   28   30   62   60   28   28   12   28   28   30   28   12   28   28   29   31    6    6   30   62   48  112  177   22   23  150   30  190  188   60    4   54   54   35    6   62   62   38   54   22   22   38 
  23   22  131   54   33   23    7  103  103   55    6   14   12   12   12   12   12   12   12   12   12   12   12   12   12   12   12   12   12   12   12   20   12   12   12   60  112  117  146  131  115   23   14   12   12   12   12   12   12   12   12   12   12   12   12   12   12   14   14   30   30   60   60   60   28   12   60  121  115   23   54  166   35   23    6   12   12   28   28   12   30   12   12   12   28   28   12   28   31    2   30   54   56  123   31   28   28   28   60   55   62   54   50   62   28   12   12   12   28   28   12   12   30   28   12   12   60   60   14    7    3   54   28   56   48  127  158  156  255   99    3  147   19   31   29   60  156   52   28   28   28   28   60   60   52   28   61   60   60   31    6    6   30   28  112   99   63   62   54    3  179  224  119   39   47  158   54   30   30   14   14   23   55   59   60   14   30    6   54   30   39    3    6   55   59   57   33  117   54    6   14   63   63  112   53  127    7   31   58   62   62   30   60   62   63   63   22   30  180  182   15   31   30    6    4   28   56   50  183   22   23   22    6   54   36    7  135  246   35   35    2   30   62   54   50  118   86   22 
   6   38  111   54   55    7  255    3  135   86   30   14   28   28   12   12   12   12   12   14   28   28   12   28   12   12    7    6   22   28   60   56   60   28   12   60   60  124  144  179   55   23   14   60   62   30   28   60   28   29   30   14   12   12   15   15   30   31    7    6   62   52   48  112   62   30   54  188  178   22   23  158   54   54   55   63   62   61   36   52   60   28   28   60   60   30   28   46   43    6    6   60   56   19   55   23   63   62   55    7    6   63   63   62   63  124  126   30   44   60   60   50   50   35   51   23    6   87   54   55    6    6   28   28   56   22   55  183  212   91  179  150   19    3   53   56  183   22    6   30   24   18   63   49   23   14   55   54   51  183   87    6   12   28   58   62    6    6   38   63  143  224   37  111   63  150   34   51   22    6   55   62   28   62  127   59   31  150  246   50   51    6    6    4   60  124  119   51   60   62  166   51  115   53   30   62   63   31   62   28    6   62   63   55   63   52   22   23  135   55    6   30  126   14   47   29   30   30   23   21   55   54   22  190  182    4   69   39   35   34   39  127   48   54  166  147   22   22 
  54   50   62   54    6    6  190   51  225  154  186   30   62   34  143  188   28   62   20   22   22   23   63   30   14  142  191    2   14   28   56   48  114   54  172  191   22   59   49   60   55   63   63  242   22    6   55   50   18   61   50  158   30   22   55   50   51   51   22    6   12   24   56   48   62   62   53  162  134  150   22   60   52   52   55    7   30   30   20   54   62   14   22   50   54   55   22   52  119    6    6   28   28   31   23   39   63   86  135  151    7   31   30   54   54   60   28   28  143  180  181   35   39   35   49   55   55   49   39    7   22    4   60  124  125   23   55   47   30   26   51   54   23   23   27   25   19    6   20   28   28   30   31   59   23   38   30   62   47   55   38    6   54   14   14   14    6   30   54   14  174  188   18   23    4    7    3    3    7   14   34   58   62  126   39    3   38   39   54   55   50   55   14   12   28   28   54   30   62   63  103   50   54   46   14   55   55   69  124   30   71   94    6  103   20   49   55    6   55  151  134   12  230  166    7   31   31   30   53   49   63   55  115  219  156    6   71    3    7   15   63  180  176  177   51    7    6    6 
 118  118   54   38    6   22  118   49  211   26  187   31   62   38    4   28   21   55  117   35   55   22   22    4   63  171  179  191   30   56   63  115  115  190  144  179   34   55  180   31   30   62   62   56   58   55   55   50   50   61   59   23    4    6    4   20  145  177  183    6   14   30   31   25   24   62   53   54  150  132  145   16   28   30   61   63  135   30   28   24  118  134   14   62   60   61   55   63   54   31   30  158   30   31   55   54   61   92  182  151    3   31  155  166   47  191   56  178   54   32   37   55  119  231   51   51   57   53  119   87    6   62   52  112  118   30   14   60   12   62  175    6   22   55   19   31   31    7  186   48   28   23    3   63    7   38   30   31   14   52   54    6  119   23  118    7    6   63   30   14  127   54   22   23   15    7  103   51   39   43   62   54   54   50   63   23    3   19   50  190  183   55   54   39  167  245  127   62   31   55   51   19  182   26   14   39   35  127  126    2   71  103   39  103   54   50   50    2   18   28  176  182  190   34  166   12   15   23   52   54   22   63   63   63   14    4    6   14  111   15  135  134  128  146   23   23    6    6 
  51   49  148  199  134  108  112   50   22   18   20   21   62   54   22  174   34   26   59   55  183   30   54   38   55  179  142  150  140  174   34   59   30  222  156   52   48   55  149  134   23   30   31   28   53   18  182   17   22   30   24   23   54   30   62  164  132  132  134  150   22    6    7   59   63   40   62   30  180  160  151   23   26   30   63   62  146  181   52   52  180  158  166   38   46   52   63  183   50   19   62  190   30   29   35   55   63   30   38    2   18   31  142  134   14  188   52  178  182   39   62   52  119  117   32   51   63  102  119  118   23   29  183  181   54   54   55   49  100  103   38    2   38   51   19    6   30   14  187   59   55   39    3    7   54    6   62   47  159   54   38  166  131   51  118    7   63   63    3   23   23   23    2    3    3   99  129   31   14   99   30    6  103   54   63   19   55   53   62   62   55   54   52  167  129  129  175  142  118  127   62   62  178   54  158    7   23  254  239   38   39   35  182   50   46   63   30    6   23   30  118   22   22   35  162  150   30   30   54   54   54  127  119   30   30  159  186   46   30    6    2  134  128  150   22   23   31   30 
   7   23  151  150  150  167  247   50   62   26   20   54  116  114    6   34   38   30   30   55  179   30   28   22  158  183   14    3  179  246  118   63   16  118   30   30   54   51   21    6    6   55  183    6  150  183   55   15   15   55  119  118   26   38   36  160  190   28   14  147  178   54   54   54   63   62   56   60  118  231   39  182   63   63   42   62  179  167   95    6  214  110   52  117  117   55  159  176   55   31   53   60   30   50   35   63   63   54   22    6   18   18    3  135  166   30   22  176  183    7    7   63   57  191   36  187  190   31   70    6   23   19   55   60   14   54  127   63   62   58   55   55  100  118   62   24   62   47   46   51   30   61   55   55   52   54   87   83   61    6   54   54   30   62   62   29   23   35   54   50  114   22   63   55  251  163  226   22   62   62    6   55   38  117  123   23  127  119  127   54   58   30    6  146  148  146   62   63   31   30   14   48   52   39   30   30   23  149  172   60   55   63  179   51  191   15   14   54  115   62   54   30   28   63  160  182    2   22   62   54   55   39    7   63   63    5   54   38   38   22  147  133  134  148   22  199  155   27 
  95  119   53   55  178  150  130  184   62   62   62   63   48   50   23    6   35   22   22   30   51    6   30   20   30   63   26   63   55  103  126  127   22   60   56   58   38   50   48  182   22   60  150   22   36   35    7   62   30   52  253    5  142   59  178   48   62   28   14  134  134  140  144   22   22  170  154  118   52   55   39   21   61   63   62   50   35    3   99    3    7    6   18  246  240   51  179  151    7   23  126   54   22   22    2   35   61   30   28  134  178   51   54    7   50   22  146  179   51   51    3   31   31   38   36   60   60   29   55   23   22   38   18   28   15    7    3   27   16   28   54   55  103  111    7   50   55   23  151   23   15   28    7   23   52   52  119   99   99   13   30    6    6    6   30   28  126   46   14   30  103   54   62   39  192  131  119    6   54   39    2    3   30  127   99   54   62    7   99   18   54   54  119   54   20   86  126   23   31   31  159  180   62   63   62   23   99   99   50   48   56   30    6   55   55   14   12   62   35   39    6   30   28   62  146  182   54  161  179    2    2   39   39   58   30  119   39   46   46   22  188  191  130  253   12  166  175    2 
  15  103  160   99   18   87    2   63    3    6   60   28   28   30   22  167  161  167  135   62  187  182  150   22   30   30   30  111    6    7   31   60   28  188   96  119   62   60   56   36    4   54  159  118  117   55    6  191  145  176  156   52  182  130  134  134   22   30   28   30  134  137  177   62  167  131  195  230   60   62   39  157   28   31   30   50   51   63   58   19   23   86    6    7  177   50   60   60   54   55   58   55   31   30   30   46   56   62   14   54    6   63   55   39  146  183  163  239   53   54  103   71    6   54   52   61   28   29   31   19   30   46   62   14   46   34    3   50   54   50   62   62    4   55  126  118   55   17  151   23   71  119    6   55  114  115    7   99  119   31   30   30   62   34   30   31   50   34   30   29   61   48   60   53  223   23    6    7   52   55    7   38   38   38  162   54   54   19   23   22   50   58   60   54   14    7   63   62   55    7  247  194  190  126   38    7   39   54  178   48   61   31    7    3  195  238   15    2   35    7   22   30   28   20    6  162   63   30   50   62   59   38  178   22   30   62   54   62   62   99   62   54  166   93   28  183   70    6 
 149  166   56   59   51  115  135  130   51   55   23   22   28   63   52   52  164  176  190   54  183  182    6   38  189  236  103    6    6   55   63    6   23  149   63   55   63   29   24  241  134   63   63   12  116  118    6    2  151  182   28   62   54  177   12  158  135   47   60   30  150  129   19    6   54  146   95  125  247  125   52  191   62   54   55   23   24   30   30   30   39  102    7   35    3   14   38   62   52   52   38   54   60   62   30   14   54   62   15   62   60   14  119   54   18   63   59  175   53   54  116  127   50   54   52  154   46   61   63   50   63  127  124   14   38   62   63   55   58  122   52   30   54  118  127   39   54  176  135   22   26   63   62   28   86   93   63    7   54   54   62   62   28   55   31   63   23   39   19   30  189   54   54  115   87   63   19   82   55  159   30   59   63   55  186   31  103  110  158    6   54   63   62   50   14    6  127  126  127   15    6  134   54  103    3    7    7   71  149   60   18    2    3   47   59  231    3   55   54   18   22   54   62  158  146  178   55   30   22   62   57   61   57  190   30   54   54   62   62  115    7    6  178   21   23   50  179   22 
 115  163   50  180  150   67  117    6   16  176   54   54    6  119  114  118   48   48   62   62   52    6    6   38  163  124  119   54    6   55  179   18  131   54   16   51   63   62  122  112   36   60   62   54  119  119    3   14  143  246   62   14  126   48   26   30   23   55   55   30   22  146   18  117   55   55   63   14  103  115   52   63   38   54   23   31   31  150   14    6   62   60    4   62   30   28   30    6   54   55   23   20   28  124   38    2    6   14   30  158   54   23   54  125   55   30   30    2   71   39   62   46   50   35   39   20   14   63   35   32   54   95  103    6    6  103  103   87   54   38    6  111    4   39    7   63   62   24   31   18   16   62   30   28   30   30   63   99   54   50   54   62   61   23   38   54  131   35    7   30  185   23    7  211   22   30   23  119   51   27   24   28   31  117   60   27   35   55  191   28  156  135  166   52   45   63   55   71  102   38    6   47   39    7  167   55   38  103   19  117   30    6   38   38   38    6   51   52   54   30  158   54   38  150  130  130    6   30   30   60  190   31   30  166  150   54  178  142  142    3    3   54   54    7    6   87  147  190 
   7    7   55   52   28   56   52   18   38  188   23    6    6  244  132  135   39   58   28   28   18   39  163  243   26   30   28   63   34   51   26  152  130  163  183  182   54  160  226   38  164  180   50  151    7   38   14   62  168  231   62   30  125  179   18   62   20   20   54    7    7   38  242  135   23   16   22    6   31    6    4   60   56   55   22   19   19   28    7    7   30   61    7   15   63   62   62   54   38   54   23    3   21    7    6    6    6   14   58  150   54  127   62   52  102   22   55   19  119    7   63    3  135    6   22   92   31    2    3   47   60   62   54   23   15   15  119   95   31   62   94  111  103    6   22   61   63   30   22    6  159   29   12   62   58   38   62  122   86   22   23   54   54   22   62   63  167    6   22  159  215    6   54  166   54   63   47   62   62   30   30   28   30   93   30   15   30   31   31   30  156  156   28   60   31   31   14   95   14   62   28   13   14    7   47   35   39   38   39    7    7    7   54   57   54   62   26   51   19   30  154  251   22   23  131  135  118   63   31   20   23    6  190  166   22  146  144  158  144  155   23   30   30    7   66  215  148  180 
